%YAML:1.0
---
Trayectoria_ODOV: !!opencv-matrix
   rows: 164
   cols: 1
   dt: d
   data: [ 0., 0., -2.8633441079037009e-02, -9.9645309943081262e-01,
       4.2925985980980949e-02, -1.9846456332886344e+00,
       4.5272539814219026e-02, -2.9673188779161834e+00,
       7.9052058696283109e-02, -3.9474548942552232e+00,
       2.9795084806703054e-01, -4.8957389356152117e+00,
       -6.0232322241503489e-01, -5.3283099477236808e+00,
       -6.9887776692071046e-01, -6.3146969141400682e+00,
       -7.6522528016883884e-01, -7.2914012251811808e+00,
       -8.7306132034170547e-01, -8.2717137839934018e+00,
       -1.1559787817069613e+00, -9.2130868135082089e+00,
       -1.2681833195183969e+00, -1.0196187680076450e+01,
       -1.6202169639669024e+00, -1.1115874275668556e+01,
       -1.6166101042925611e+00, -1.2099825898772085e+01,
       -1.6392507894865929e+00, -1.3087806116261211e+01,
       -1.6551963211408198e+00, -1.4083375242504001e+01,
       -1.6676451294314547e+00, -1.5063743086807783e+01,
       -1.7063333956603695e+00, -1.6048450231179523e+01,
       -1.7046652588049820e+00, -1.7037919207048098e+01,
       -1.8533435825998246e+00, -1.8016660398839115e+01,
       -8.8600955374922019e-01, -1.8250363495131850e+01,
       -1.2706227594661843e+00, -1.9150935667334537e+01,
       -1.6098800758151324e+00, -2.0078637254587111e+01,
       -1.8196469556354589e+00, -2.1022712704830386e+01,
       -1.1451762601820499e+00, -2.1752275319206991e+01,
       -1.0701178338533586e+00, -2.2728882290928016e+01,
       -9.4773133040395274e-01, -2.3697579783599956e+01,
       -7.8604765122214904e-01, -2.4661648716836403e+01,
       -1.3980585304320929e+00, -2.5359820231184671e+01,
       -1.4002661904791001e+00, -2.6345971851986974e+01,
       -1.4386368635920361e+00, -2.7339061451645030e+01,
       -1.5158377878623757e+00, -2.8343497195264387e+01,
       -1.6639953239004261e+00, -2.9322743749705481e+01,
       -1.7240341166818491e+00, -3.0302020541472295e+01,
       -1.7106770461361513e+00, -3.1291790356338769e+01,
       -1.5983493169152578e+00, -3.2269740904096899e+01,
       -1.5972794080054378e+00, -3.3260468996756408e+01,
       -2.5377561987842356e+00, -3.3587544988729476e+01,
       -2.5867980793879677e+00, -3.4560319782292538e+01,
       -2.5869477070468188e+00, -3.5549851072361584e+01,
       -2.9317931638995058e+00, -3.6491477137374169e+01,
       -3.0818964460754739e+00, -3.7495958588105147e+01,
       -2.9991366047013215e+00, -3.8488156939112315e+01,
       -2.9797972477523400e+00, -3.9473641772016329e+01,
       -3.1634960347041612e+00, -4.0463664439660576e+01,
       -2.9034358074600664e+00, -4.1428664633295440e+01,
       -2.8408590350722847e+00, -4.2430951074759555e+01,
       -2.8216929612355712e+00, -4.3426761469937716e+01,
       -3.3178817618814529e+00, -4.4191784829004142e+01,
       -3.5191263805218540e+00, -4.5124752371411134e+01,
       -3.7481293994965381e+00, -4.6118143881480790e+01,
       -3.9728802906201550e+00, -4.7118146032459961e+01,
       -4.3511273515178841e+00, -4.8053875668398291e+01,
       -4.5628876886140013e+00, -4.9040410938926179e+01,
       -4.9233571653946422e+00, -4.9968613223865347e+01,
       -5.0856978818468619e+00, -5.0974101083070039e+01,
       -5.3266909820631234e+00, -5.1954732085562306e+01,
       -6.2027530082748346e+00, -5.2383462362709800e+01,
       -7.1138150852811748e+00, -5.2764430971300690e+01,
       -7.9896032488845634e+00, -5.3245139208427588e+01,
       -8.9006388771637077e+00, -5.3629873490358698e+01,
       -9.8686986468930193e+00, -5.3630991996878855e+01,
       -1.0716795163213646e+01, -5.3697730414800105e+01,
       -1.1320471155105155e+01, -5.4501799778898530e+01,
       -1.1776956890061452e+01, -5.5413632913451423e+01,
       -1.2149254021252649e+01, -5.6360179716396907e+01,
       -1.3054946291746397e+01, -5.6459183229853814e+01,
       -1.3967167174263386e+01, -5.6395836220900996e+01,
       -1.4860799584814187e+01, -5.6529115443720386e+01,
       -1.5597340493682795e+01, -5.7113418622445437e+01,
       -1.6404911100057966e+01, -5.6694578705908569e+01,
       -1.7161257623256866e+01, -5.6214875830574734e+01,
       -1.7812838652239726e+01, -5.5614489060063256e+01,
       -1.8629578074576337e+01, -5.5765858459525660e+01,
       -1.9358266392735668e+01, -5.6276060774471318e+01,
       -2.0118966542737429e+01, -5.6682989245729338e+01,
       -2.0911584016511728e+01, -5.7015753621502810e+01,
       -2.1721968303087245e+01, -5.7257877473942649e+01,
       -2.2514589276461162e+01, -5.7404642446207923e+01,
       -2.2891151237709561e+01, -5.6611268945229760e+01,
       -2.3391189979126128e+01, -5.5993524394228146e+01,
       -2.3676571525483070e+01, -5.5201901158208358e+01 ]
