%YAML:1.0
---
Trayectoria: !!opencv-matrix
   rows: 234
   cols: 3
   dt: d
   data: [ 0., 0., 0., -3.2089693785003315e-02, -3.5515461088766018e-03,
       -9.9947868315088206e-01, 5.0515498222034896e-02,
       6.7072784481562744e-02, -1.9935554338005150e+00,
       -3.6865130328531637e-01, -2.7961441702962814e-01,
       -2.8326663780876427e+00, -1.0297939995770768e+00,
       -9.2378981210408595e-01, -3.2172809845714929e+00,
       -1.7109320626368425e+00, -1.5592046061957365e+00,
       -3.5810102499608152e+00, -2.3286052967798359e+00,
       -2.2248756734139423e+00, -3.9997724809367128e+00,
       -3.0048400003964950e+00, -2.8241775401328026e+00,
       -4.4281927164202610e+00, -3.6573141411770229e+00,
       -3.4974128722493862e+00, -4.7760887974596793e+00,
       -4.3304891567094845e+00, -4.1402566729733596e+00,
       -5.1415846884538556e+00, -4.9948100058892484e+00,
       -4.8012218269759224e+00, -5.4905873740301239e+00,
       -5.6628968169656098e+00, -5.4424020885565954e+00,
       -5.8681425157315168e+00, -6.4120462597406496e+00,
       -6.0519899141258753e+00, -6.1273293118990013e+00,
       -7.1147931062323657e+00, -6.6847936058658277e+00,
       -6.4524544531388583e+00, -7.7952804899684516e+00,
       -7.2575264334619094e+00, -6.9095255950520347e+00,
       -7.0392882724406496e+00, -6.6612713565478296e+00,
       -6.6394225586167099e+00, -7.7085725006762367e+00,
       -7.2838699089110071e+00, -7.0449218365819988e+00,
       -8.4514451079955872e+00, -7.9126870371546065e+00,
       -7.2745504683377611e+00, -9.1555849640525171e+00,
       -8.5635618778409750e+00, -7.5583620341232649e+00,
       -9.8038712430033694e+00, -9.2574544359540116e+00,
       -7.8717914812392058e+00, -1.0519337236663850e+01,
       -9.9087119729828554e+00, -8.1247184121472191e+00,
       -1.0748020192068857e+01, -9.2118896617187183e+00,
       -8.8045292479182731e+00, -1.1068265498073687e+01,
       -8.6337725891193848e+00, -9.5550114891145945e+00,
       -1.1749397203765948e+01, -9.3351809555724294e+00,
       -9.7649779220757278e+00, -1.2466993284117228e+01,
       -1.0003293366636800e+01, -9.9616544881588105e+00,
       -1.3158708416801629e+01, -1.0699560691098268e+01,
       -1.0153336485494684e+01, -1.3846601753949392e+01,
       -1.1386596969770602e+01, -1.0387396111435997e+01,
       -1.4503775197087473e+01, -1.2080775134748905e+01,
       -1.0681062147778979e+01, -1.4974128041098343e+01,
       -1.2910202068957155e+01, -1.0982424326794181e+01,
       -1.5720752246867344e+01, -1.3553253890761452e+01,
       -1.1152825764094413e+01, -1.6428579003644650e+01,
       -1.4215199999886842e+01, -1.1399419825263536e+01,
       -1.7121295465926753e+01, -1.4894662927978773e+01,
       -1.1641233870000619e+01, -1.7784599620208059e+01,
       -1.5616776242150680e+01, -1.1837651691006831e+01,
       -1.8455048617212853e+01, -1.6307890241390584e+01,
       -1.2107576833351699e+01, -1.9129068409426885e+01,
       -1.6998245248078948e+01, -1.2370459477214057e+01,
       -1.9826943995441855e+01, -1.7685605228284913e+01,
       -1.2571720313085123e+01, -1.9133389228261276e+01,
       -1.7002132547811620e+01, -1.2344021213465147e+01,
       -1.9747743609792035e+01, -1.7751584294882033e+01,
       -1.2590781770903057e+01, -2.0453926662356643e+01,
       -1.8434414815797179e+01, -1.2777992817524996e+01,
       -2.1155519461076675e+01, -1.9128018732581516e+01,
       -1.2941336477964038e+01, -2.1899976899411758e+01,
       -1.8636828969729802e+01, -1.3393570642282970e+01,
       -2.2627135816986513e+01, -1.9298520179460667e+01,
       -1.3576340036757033e+01, -2.3335405028513460e+01,
       -1.9977505957798918e+01, -1.3769557626063488e+01,
       -2.4079881400534301e+01, -2.0625779334566356e+01,
       -1.3929234050363480e+01, -2.4905920000723331e+01,
       -2.0205043388703427e+01, -1.3554212057866279e+01,
       -2.5724150659950880e+01, -1.9724216094301930e+01,
       -1.3239087159994686e+01, -2.6323049416006409e+01,
       -2.0521172212027590e+01, -1.3317707935968880e+01,
       -2.7045475511700335e+01, -2.1182670856002236e+01,
       -1.3519003937618523e+01, -2.6950869903442161e+01,
       -2.0698110016790906e+01, -1.2649377252201781e+01,
       -2.7618061102147021e+01, -2.1387870037792879e+01,
       -1.2930601393765288e+01, -2.7507615241707853e+01,
       -2.1386557231467890e+01, -1.3924482668592118e+01,
       -2.8161362928432631e+01, -2.2100742644247926e+01,
       -1.4174588962543728e+01, -2.8883444108049112e+01,
       -2.1415655001644541e+01, -1.4270785074709487e+01,
       -2.9583736318693873e+01, -2.2081228793927171e+01,
       -1.4528859379390891e+01, -3.0188294052896634e+01,
       -2.2840849671426160e+01, -1.4768621904576316e+01,
       -3.0866863373585964e+01, -2.3474261704978286e+01,
       -1.5140553178833510e+01, -3.1725966610907555e+01,
       -2.3283976830512472e+01, -1.4665439198642350e+01,
       -3.2372228129387480e+01, -2.3955735180874477e+01,
       -1.5027498266269367e+01, -3.3022961133278812e+01,
       -2.4623913179167506e+01, -1.5388170860520278e+01,
       -3.3884096340422104e+01, -2.4177006549058518e+01,
       -1.5145847483639505e+01, -3.4343804902075540e+01,
       -2.4946342909774273e+01, -1.5589457224766957e+01,
       -3.5000641817939226e+01, -2.5583065009465109e+01,
       -1.5993375822660115e+01, -3.5584679906684400e+01,
       -2.6324527553640376e+01, -1.6323728371431915e+01,
       -3.6029598210056101e+01, -2.7112911931615127e+01,
       -1.6748578669643198e+01, -3.6884945492596231e+01,
       -2.6611529916386708e+01, -1.6618205738953186e+01,
       -3.7428633286844445e+01, -2.7204518718527961e+01,
       -1.7212148381740008e+01, -3.8076986896926286e+01,
       -2.7927080841680851e+01, -1.7452026631022083e+01,
       -3.8961841173242966e+01, -2.7463709451913715e+01,
       -1.7403861655891241e+01, -3.9823726024909938e+01,
       -2.6969419071242623e+01, -1.7290585347498777e+01,
       -3.9199790829641216e+01, -2.6334673816723065e+01,
       -1.6834730837846973e+01, -3.8849169417952396e+01,
       -2.5525535114153673e+01, -1.6363181067759381e+01,
       -3.8420190364538470e+01, -2.4741614166401590e+01,
       -1.5914354910536375e+01, -3.9257729916075782e+01,
       -2.4291301393360840e+01, -1.6223783264193610e+01,
       -3.8837638610258054e+01, -2.3525460236098905e+01,
       -1.5736945902624004e+01, -3.9466307802976587e+01,
       -2.4094880229664618e+01, -1.6266602316777796e+01,
       -3.9077313007840480e+01, -2.5013802804600903e+01,
       -1.6331904312378860e+01, -3.9691202779419157e+01,
       -2.5686160285986563e+01, -1.6745516166144942e+01,
       -4.0330361757847292e+01, -2.6359952421679196e+01,
       -1.7116299065121510e+01, -4.0930454878316418e+01,
       -2.7033019087382129e+01, -1.7548583127151524e+01,
       -4.0461141803694858e+01, -2.7899121397982842e+01,
       -1.7376501676781775e+01, -4.1069308385138889e+01,
       -2.8569919613377596e+01, -1.7800957991893110e+01,
       -4.0325145120805232e+01, -2.9024004537565133e+01,
       -1.8290884432945095e+01, -4.0948342487372905e+01,
       -2.9699484541071705e+01, -1.8685031368954849e+01,
       -4.1571604639310074e+01, -3.0371707396511400e+01,
       -1.9084607047127523e+01, -4.2244896939329827e+01,
       -3.1058509631346428e+01, -1.9358432117126107e+01,
       -4.2854475442989774e+01, -3.1731752280300476e+01,
       -1.9776951392076537e+01, -4.3467632991794190e+01,
       -3.2412959654253321e+01, -2.0176944309534381e+01,
       -4.4062570461604473e+01, -3.3099161656449532e+01,
       -2.0595484892032250e+01, -4.4730094140442809e+01,
       -3.3828642957901252e+01, -2.0744713471809835e+01,
       -4.4205442060756766e+01, -3.4678650711127062e+01,
       -2.0791904728808476e+01, -4.4976732127955202e+01,
       -3.5284901779307269e+01, -2.0985737838909380e+01,
       -4.4183106972200385e+01, -3.5764059950820865e+01,
       -2.1360659909245186e+01, -4.4868499501866481e+01,
       -3.6437237039253489e+01, -2.1638274188213831e+01,
