%YAML:1.0
---
Trayectoria_ODOV: !!opencv-matrix
   rows: 54
   cols: 1
   dt: d
   data: [ 0., 0., -5.6845306375720474e-02, -9.5777028855323332e-01,
       -1.5804669921559186e-01, -1.9180357145884008e+00,
       -2.1873184543676222e-01, -2.8902105041485138e+00,
       -3.0290904806351554e-01, -3.8688862549103291e+00,
       -4.3122115210014395e-01, -4.8469422416031591e+00,
       -5.3550293250981096e-01, -5.8269809361598854e+00,
       -6.1843902605686130e-01, -6.8114811750394733e+00,
       -7.1376778824503950e-01, -7.8184775081605453e+00,
       -7.3937454003702530e-01, -8.8733104941694219e+00,
       -8.4253413710741076e-01, -9.9104981075620380e+00,
       -9.3321968849939074e-01, -1.0952683516177299e+01,
       -1.0207098896511275e+00, -1.1985714093920009e+01,
       -1.1148144127086432e+00, -1.3022355165775759e+01,
       -1.1993108557655650e+00, -1.4052364363152670e+01,
       -1.4077584742642795e+00, -1.5064789789426383e+01,
       -1.4876546239620874e+00, -1.6082266309389784e+01,
       -1.5696727721193939e+00, -1.7093333020188471e+01,
       -1.5817866427438989e+00, -1.8100505477568429e+01,
       -1.6601528203268858e+00, -1.9101125308869722e+01,
       -1.7597420608174952e+00, -2.0098953050443530e+01,
       -1.8274292081636228e+00, -2.1091498597360687e+01,
       -1.9205100216482001e+00, -2.2069851965698515e+01,
       -1.9684050594876299e+00, -2.3050488591992981e+01,
       -2.0550959580255324e+00, -2.4025571974235696e+01,
       -2.2391725228328498e+00, -2.4986565109242854e+01,
       -2.3214814867756521e+00, -2.5958752998877635e+01 ]
Trayectoria_GPS: !!opencv-matrix
   rows: 54
   cols: 1
   dt: d
   data: [ 0., 0., -5.0980999999999943e-02, -9.5156000000000063e-01,
       -9.9507000000000012e-02, -1.9099500000000020e+00,
       -1.4631899999999987e-01, -2.8782200000000024e+00,
       -1.9392699999999996e-01, -3.8536800000000007e+00,
       -2.4184899999999998e-01, -4.8329400000000007e+00,
       -2.8193200000000007e-01, -5.8124300000000027e+00,
       -3.2878999999999992e-01, -6.7915999999999990e+00,
       -3.8361899999999993e-01, -7.7755000000000045e+00,
       -4.4273600000000002e-01, -8.7862600000000022e+00,
       -5.0670400000000004e-01, -9.8428000000000004e+00,
       -5.7406800000000002e-01, -1.0883790000000001e+01,
       -6.3990899999999984e-01, -1.1926800000000004e+01,
       -7.0392300000000008e-01, -1.2958940000000002e+01,
       -7.6907099999999984e-01, -1.3993840000000002e+01,
       -8.4289600000000009e-01, -1.5016400000000001e+01,
       -9.1268400000000005e-01, -1.6038320000000002e+01,
       -9.7816999999999998e-01, -1.7048310000000004e+01,
       -1.0488409999999999e+00, -1.8053190000000004e+01,
       -1.1129720000000001e+00, -1.9054110000000005e+01,
       -1.1748370000000001e+00, -2.0053320000000003e+01,
       -1.2418700000000000e+00, -2.1048040000000004e+01,
       -1.3137499999999998e+00, -2.2033850000000005e+01,
       -1.3842919999999999e+00, -2.3011289999999999e+01,
       -1.4508909999999999e+00, -2.3993020000000005e+01,
       -1.5154190000000001e+00, -2.4973740000000003e+01,
       -1.5787999999999998e+00, -2.5950300000000002e+01 ]
Trayectoria_ERROR: !!opencv-matrix
   rows: 54
   cols: 1
   dt: d
   data: [ 0., 0., 8.5415322502891394e-03, 0., 5.9095474993073792e-02,
       0., 7.3398858124523306e-02, 0., 1.1003779799921620e-01, 0.,
       1.8988911174933987e-01, 0., 2.5398808546273199e-01, 0.,
       2.9033053476449661e-01, 0., 3.3293436077905408e-01, 0.,
       3.0914755695369489e-01, 0., 3.4258563127642039e-01, 0.,
       3.6569967449156271e-01, 0., 3.8533127049527865e-01, 0.,
       4.1575622218804037e-01, 0., 4.3420206652156729e-01, 0.,
       5.6693137728713983e-01, 0., 5.7664763636759531e-01, 0.,
       5.9321379094877646e-01, 0., 5.3504187923679003e-01, 0.,
       5.4919694955609377e-01, 0., 5.8668245709472100e-01, 0.,
       5.8716968241707335e-01, 0., 6.0782716737957776e-01, 0.,
       5.8542684929735833e-01, 0., 6.0508120308705382e-01, 0.,
       7.2386714612562120e-01, 0., 7.4272959008600081e-01, 0. ]
Data_test: !!opencv-matrix
   rows: 9
   cols: 1
   dt: d
   data: [ 0., 0., 30., 57., 2.6971329064502349e+01,
       1.0830753906933086e+01, 2.7721160859817956e-01,
       1.2202592592592594e+03, 0. ]
