%YAML:1.0
---
Trayectoria_ODOV: !!opencv-matrix
   rows: 10
   cols: 1
   dt: d
   data: [ 0., 0., 1.3188973965041298e-01, -3.0204344228183727e-01,
       3.1797031470545195e-01, -5.7581470683075842e-01,
       5.1315520629241673e-01, -8.2698597255218798e-01,
       7.5620160997595254e-01, -1.0396006667327169e+00 ]
Trayectoria_GPS: !!opencv-matrix
   rows: 10
   cols: 1
   dt: d
   data: [ 0., 0., 1.1735200000000034e-01, -4.1531000000000518e-01,
       2.5371100000000002e-01, -8.0482000000000653e-01,
       4.1545600000000071e-01, -1.1883300000000077e+00,
       5.9830499999999986e-01, -1.5403500000000037e+00 ]
Trayectoria_ERROR: !!opencv-matrix
   rows: 10
   cols: 1
   dt: d
   data: [ 0., 0., 1.1419570469797120e-01, 0., 2.3785012891723978e-01,
       0., 3.7431890291885972e-01, 0., 5.2505355365860573e-01, 0. ]
Data_test: !!opencv-matrix
   rows: 9
   cols: 1
   dt: d
   data: [ 0., 1., 100., 105., 2.0602107205864191e+00,
       1.2514182901926763e+00, 2.9072464498670669e-01, 1040., 0. ]
