%YAML:1.0
---
Trayectoria_ODOV: !!opencv-matrix
   rows: 56
   cols: 1
   dt: d
   data: [ 0., 0., -5.2595622954811874e-04, -9.5908138013662891e-01,
       -1.1213408953783571e-02, -1.9234396873413773e+00,
       -3.8504290926690679e-02, -2.8964335470200879e+00,
       -7.1631274508384746e-02, -3.8776765203205277e+00,
       -1.1370032891138279e-01, -4.8607365768710293e+00,
       -1.4616253237688898e-01, -5.8435869578019002e+00,
       -1.7540973838156426e-01, -6.8318577818110411e+00,
       -2.7248026443137363e-01, -7.8404361659292974e+00,
       -3.2064089879584390e-01, -8.8964597448766156e+00,
       -3.6681522804080419e-01, -9.9380063890990726e+00,
       -4.2826389705453516e-01, -1.0983060946006550e+01,
       -4.9789456574482016e-01, -1.2017813470182134e+01,
       -5.6284008002693409e-01, -1.3058372957162781e+01,
       -6.0001648618342918e-01, -1.4089941317163051e+01,
       -6.3622202288469842e-01, -1.5122391227175424e+01,
       -7.7499339785891042e-01, -1.6135895006852852e+01,
       -8.0735988995300434e-01, -1.7147906426361800e+01,
       -8.2857678739701346e-01, -1.8154474350298514e+01,
       -8.4519177517222466e-01, -1.9159175899833244e+01,
       -9.1470118670166300e-01, -2.0159248879513495e+01,
       -9.9493716235360752e-01, -2.1149819053261844e+01,
       -1.0204091870449359e+00, -2.2132115253373755e+01,
       -1.0936032714902293e+00, -2.3113897301141151e+01,
       -1.1120567214483414e+00, -2.4096483099884839e+01,
       -1.1250944581080577e+00, -2.5076879138092291e+01,
       -1.1721164865784699e+00, -2.6052020836262734e+01,
       -1.2118570781354934e+00, -2.7020968367526553e+01 ]
Trayectoria_GPS: !!opencv-matrix
   rows: 56
   cols: 1
   dt: d
   data: [ 0., 0., -5.0980999999999943e-02, -9.5156000000000063e-01,
       -9.9507000000000012e-02, -1.9099500000000020e+00,
       -1.4631899999999987e-01, -2.8782200000000024e+00,
       -1.9392699999999996e-01, -3.8536800000000007e+00,
       -2.4184899999999998e-01, -4.8329400000000007e+00,
       -2.8193200000000007e-01, -5.8124300000000027e+00,
       -3.2878999999999992e-01, -6.7915999999999990e+00,
       -3.8361899999999993e-01, -7.7755000000000045e+00,
       -4.4273600000000002e-01, -8.7862600000000022e+00,
       -5.0670400000000004e-01, -9.8428000000000004e+00,
       -5.7406800000000002e-01, -1.0883790000000001e+01,
       -6.3990899999999984e-01, -1.1926800000000004e+01,
       -7.0392300000000008e-01, -1.2958940000000002e+01,
       -7.6907099999999984e-01, -1.3993840000000002e+01,
       -8.4289600000000009e-01, -1.5016400000000001e+01,
       -9.1268400000000005e-01, -1.6038320000000002e+01,
       -9.7816999999999998e-01, -1.7048310000000004e+01,
       -1.0488409999999999e+00, -1.8053190000000004e+01,
       -1.1129720000000001e+00, -1.9054110000000005e+01,
       -1.1748370000000001e+00, -2.0053320000000003e+01,
       -1.2418700000000000e+00, -2.1048040000000004e+01,
       -1.3137499999999998e+00, -2.2033850000000005e+01,
       -1.3842919999999999e+00, -2.3011289999999999e+01,
       -1.4508909999999999e+00, -2.3993020000000005e+01,
       -1.5154190000000001e+00, -2.4973740000000003e+01,
       -1.5787999999999998e+00, -2.5950300000000002e+01,
       -1.6431410000000000e+00, -2.6920269999999999e+01 ]
Trayectoria_ERROR: !!opencv-matrix
   rows: 56
   cols: 1
   dt: d
   data: [ 0., 0., 5.1012572970179380e-02, 0., 8.9318138608037348e-02,
       0., 1.0934232843512691e-01, 0., 1.2462775558042426e-01, 0.,
       1.3112868331347491e-01, 0., 1.3929861577967040e-01, 0.,
       1.5857551403191239e-01, 0., 1.2871877947444069e-01, 0.,
       1.6447248252800167e-01, 0., 1.6921325316161212e-01, 0.,
       1.7639035448903312e-01, 0., 1.6867587643587983e-01, 0.,
       1.7260157380007193e-01, 0., 1.9446051476387169e-01, 0.,
       2.3226767544109175e-01, 0., 1.6875895200050731e-01, 0.,
       1.9772592606511508e-01, 0., 2.4243523458648680e-01, 0.,
       2.8765446653334292e-01, 0., 2.8087642990356304e-01, 0.,
       2.6708575774641385e-01, 0., 3.0936207357357987e-01, 0.,
       3.0826643529599218e-01, 0., 3.5427853640801060e-01, 0.,
       4.0372135168897716e-01, 0., 4.1921188988251423e-01, 0.,
       4.4288371214275074e-01, 0. ]
Data_test: !!opencv-matrix
   rows: 8
   cols: 1
   dt: d
   data: [ 0., 0., 30., 58., 2.7936340228077679e+01,
       5.8923648846400818e+00, 2.6675316069916299e-01,
       1.3897857142857142e+03 ]
