%YAML:1.0
---
Trayectoria: !!opencv-matrix
   rows: 334
   cols: 3
   dt: d
   data: [ 0., 0., 0., 3.2464030679406869e-02, 7.9735536119418457e-03,
       -9.9944109839191819e-01, 7.6650704812386478e-02,
       2.3657515273033607e-02, -1.9983412691675964e+00,
       6.7018535260146672e-02, 8.5787637629970402e-03,
       -2.9981811826350553e+00, -6.6924850334127206e-02,
       1.0371905712342119e-01, -3.9845926049304565e+00,
       -7.5256873574724992e-02, 1.3521732123416788e-01,
       -4.9840616823644348e+00, -8.3701705743636168e-02,
       1.5721760073167113e-01, -5.9837839800609851e+00,
       -9.3549691083027256e-02, 2.1256425766920511e-01,
       -6.9822026120739267e+00, -3.9822098450305030e-02,
       2.2495207853298260e-01, -7.9806813988711918e+00,
       -5.1490439533837903e-02, 2.3609553469095068e-01,
       -8.9805512269994399e+00, -5.6783145433122441e-02,
       2.3499114256100034e-01, -9.9805366106837639e+00,
       -1.3578020768075356e-02, 2.3100213295161082e-01,
       -1.0979594869748276e+01, 4.7278779677547851e-02,
       2.3532647875396492e-01, -1.1977732009560688e+01,
       3.9162474179965809e-02, 2.3221143145780479e-01,
       -1.2977694219879364e+01, 3.0723410439640719e-02,
       2.4139423925232678e-01, -1.3977616445977072e+01,
       -2.2207603202144321e-02, 2.5725938985636781e-01,
       -1.4976088581187245e+01, -1.7840748488386432e-02,
       2.5406950639651416e-01, -1.5976073958692048e+01,
       -2.5452274403555665e-02, 2.5823864385705969e-01,
       -1.6976036299465978e+01, -6.4529353860932115e-02,
       2.7588833748807828e-01, -1.7975116611641038e+01,
       -7.2239440639835839e-02, 2.8558344000232883e-01,
       -1.8975039888472367e+01, -8.7729062148071968e-03,
       2.9765630981851132e-01, -1.9972950828798446e+01,
       -1.9630273107368330e-02, 3.3366356583853063e-01,
       -2.0972243376102821e+01, -6.7209401394029991e-02,
       3.6491898272078654e-01, -2.1970621723958480e+01,
       -3.5240825141714047e-02, 3.3225011114295200e-01,
       -2.2969576555250782e+01, -5.7701219397872434e-02,
       3.2595430446747342e-01, -2.3969304464988308e+01,
       -5.9391695097280886e-02, 3.2250437270196497e-01,
       -2.4969297085092439e+01, 3.2360497349985182e-02,
       3.3753151179606777e-01, -2.5964965564191665e+01,
       -1.0218995030463955e-01, 3.5718352504459627e-01,
       -2.6955677417058695e+01, -1.7175520302920899e-01,
       3.2135904333319953e-01, -2.7952611357760624e+01,
       -7.6314002338094622e-01, 2.8177618418431188e-01,
       -2.8758028759807004e+01, -6.5335969867350219e-01,
       2.8699901224533358e-01, -2.9751970912235493e+01,
       -6.9986354684393204e-01, 2.4190260647841666e-01,
       -3.0749870559641106e+01, -7.2913164226745286e-01,
       2.1604629575204576e-01, -3.1749107683544086e+01,
       -8.0075703416563937e-01, 2.2821876546943165e-01,
       -3.2746465008787354e+01, -9.3223073583504967e-01,
       2.5778593611711598e-01, -3.3737343633135076e+01,
       -5.6170411145747001e-01, 2.0448173406471618e-01,
       -3.4664634678422864e+01, -3.2840369674181580e-01,
       1.1303080484794992e-01, -3.5632729531233728e+01,
       -2.1854814879034659e-01, 1.3359900625905036e-01,
       -3.6626464258248433e+01, -2.4712475188769645e-01,
       1.2317251564176636e-01, -3.7626001484192933e+01,
       -1.3632021723884508e-01, 1.5360981017091979e-01,
       -3.8619377508769226e+01, 1.0248527133407587e-01,
       1.4156142737264693e-01, -3.9590370183870021e+01,
       3.2593049535144547e-01, 1.8711866742910852e-01,
       -4.0564021440605337e+01, 1.6352621763844527e-01,
       2.0391015372957830e-01, -4.1550602859733196e+01,
       4.8059268935233684e-01, 2.1619033560451265e-01,
       -4.2498926670278955e+01, 6.3981387867652373e-01,
       2.2328857492125390e-01, -4.3486144086995651e+01,
       6.3569216936348782e-01, 2.6220053785533692e-01,
       -4.4485378229052934e+01, 8.9697064868005727e-01,
       2.7059322348908116e-01, -4.5450605207060633e+01,
       1.2532482406243184e+00, 2.6062434322773081e-01,
       -4.6384932183501284e+01, 1.5382193516079843e+00,
       2.9208990094947540e-01, -4.7342951695088601e+01,
       1.8948899743788474e+00, 2.7402022711266721e-01,
       -4.8277007129064380e+01, 2.3084548547965937e+00,
       2.7109541220661543e-01, -4.9187477081969377e+01,
       2.8045836440513567e+00, 2.5485497295303494e-01,
       -5.0055574122976573e+01, 3.4013992298174083e+00,
       2.1730530362183217e-01, -5.0857073454804016e+01,
       4.0234107542239936e+00, 1.8057164116101571e-01,
       -5.1639219414038998e+01, 4.6625233869109328e+00,
       1.8707917153710538e-01, -5.2408305036572912e+01,
       5.3382367239270989e+00, 1.7893800795230683e-01,
       -5.3145424570728643e+01, 6.1158691558688156e+00,
       1.9073566966757516e-01, -5.3774033046626371e+01,
       6.9303659088263334e+00, 1.4181422588779916e-01,
       -5.4352134881738628e+01, 7.7804130059041574e+00,
       1.0448720996481722e-01, -5.4877517244053777e+01,
       8.6310254421657842e+00, 1.0280859211899843e-01,
       -5.5403307758916100e+01, 9.4778484792063260e+00,
       1.3361675698093381e-01, -5.5934289492043774e+01,
       1.0340515283791236e+01, 1.6001914955164065e-01,
       -5.6439372552474239e+01, 1.1260437301156628e+01,
       2.0228852544805365e-01, -5.6829188896189727e+01,
       1.2206792005990874e+01, 1.9639554928851366e-01,
       -5.7152264809049342e+01, 1.3159594088928756e+01,
       1.9254457740908199e-01, -5.7455832529277984e+01,
       1.4139489242688725e+01, 1.9439627702783557e-01,
       -5.7655337062675720e+01, 1.5113096791049687e+01,
       1.8283205264855237e-01, -5.7883272602881860e+01,
       1.6089840742326729e+01, 1.4905086002506412e-01,
       -5.8095003764189421e+01, 1.7073262287001537e+01,
       1.1050567322270186e-01, -5.8272193871260285e+01,
       1.8066244500038955e+01, 3.1322321028299266e-02,
       -5.8360036465293966e+01, 1.9063018483148159e+01,
       2.0879166129209373e-02, -5.8439613893704085e+01,
       2.0061500221357001e+01, 5.7365700155545298e-03,
       -5.8492575391477381e+01, 2.1056642897962046e+01,
       -1.9893739620799548e-02, -5.8587623486814898e+01,
       2.2055082525336655e+01, -4.3275807718809373e-02,
       -5.8638334327662918e+01, 2.3052724432202243e+01,
       -7.6552339615405127e-02, -5.8698361805458752e+01,
       2.4052538536370356e+01, -9.3972262989836991e-02,
       -5.8706626391119599e+01, 2.5051720524011568e+01,
       -1.3367798552208829e-01, -5.8698957546907280e+01,
       2.6050996836865611e+01, -1.5361501720723944e-01,
       -5.8666563637967180e+01, 2.7049723914718300e+01,
       -1.8594353402637379e-01, -5.8627845541886586e+01,
       2.8048588715471148e+01, -2.3340204476956355e-01,
       -5.8623746813423544e+01, 2.9045506326337549e+01,
       -2.8885820469268741e-01, -5.8568250043508435e+01,
       3.0041612069696139e+01, -3.5808849168697565e-01,
       -5.8622844140357095e+01, 3.1039831838988775e+01,
       -4.1773113020981928e-01, -5.8623062917398748e+01,
       3.2038383831425250e+01, -4.6645906970919460e-01,
       -5.8600270236264457e+01, 3.3035327902386157e+01,
       -5.2905249638400687e-01, -5.8553530720723472e+01,
       3.4034013241011955e+01, -5.7821120823382743e-01,
       -5.8539004349423706e+01, 3.5028035794169099e+01,
       -6.5204047609265081e-01, -5.8458577966797243e+01,
       3.6024769110936276e+01, -7.2742288731924076e-01,
       -5.8487563951754936e+01, 3.7022069933521699e+01,
       -8.0042964422918561e-01, -5.8479748408527513e+01,
       3.8020505220816759e+01, -8.5631326417811149e-01,
       -5.8481747934831262e+01, 3.9018562987058644e+01,
       -8.9773416771119519e-01, -5.8528277538254976e+01,
       4.0015413443894012e+01, -9.4741375324352450e-01,
       -5.8466462447148835e+01, 4.1014138859981522e+01,
       -9.9693054624819932e-01, -5.8456683363788528e+01,
       4.2005823636732593e+01, -1.0671747111752603e+00,
       -5.8348854513966764e+01, 4.3005091523542120e+01,
       -1.0968807679033543e+00, -5.8324745582325406e+01,
