%YAML:1.0
---
Trayectoria: !!opencv-matrix
   rows: 495
   cols: 3
   dt: d
   data: [ 0., 0., 0., 8.2902279959059741e-04, 2.6622792266806281e-02,
       -9.9964520688748193e-01, -4.5449737741232751e-04,
       5.1599834054692234e-02, -1.9993324079456336e+00,
       -3.5442408747431237e-02, 6.0020343310178956e-02,
       -2.9986846687034920e+00, -5.7592202390393255e-03,
       7.0125983488935797e-02, -3.9981929399832019e+00,
       -1.0419867796046610e-02, 1.0301853934530633e-01,
       -4.9976409667127495e+00, -8.8191392162470135e-03,
       1.3094926889071432e-01, -5.9972495461152455e+00,
       -1.6302925440631041e-02, 1.6006505297113399e-01,
       -6.9967975760073218e+00, -2.3220855206842816e-02,
       1.8221599431267330e-01, -7.9965282787695378e+00,
       -3.7869161108249179e-02, 1.9697613485900020e-01,
       -8.9963120380821557e+00, -4.0074369743472248e-02,
       2.1347668513171489e-01, -9.9961734629284056e+00,
       -2.8339172102080340e-02, 2.3905983977665340e-01,
       -1.0995777278114568e+01, -7.1878904147669037e-03,
       2.5272363890838728e-01, -1.1995460189780198e+01,
       1.0520523516918054e-02, 2.7154115409653207e-01,
       -1.2995126290634962e+01, 7.9091156766073756e-03,
       2.7768297021899685e-01, -1.3995104019708871e+01,
       2.6608369990312974e-02, 2.9230363872979342e-01,
       -1.4994822266986777e+01, 4.2428041163390343e-02,
       3.0518148401171852e-01, -1.5994614194892213e+01,
       7.1816443590620005e-02, 3.3498615386529185e-01,
       -1.6993737812598098e+01, 4.3769599691290254e-02,
       3.6596909595821692e-01, -1.7992864146875476e+01,
       7.9623878598317627e-02, 4.0304922124280523e-01,
       -1.8991533028433793e+01, 1.0542109162008316e-01,
       4.2777700622949610e-01, -1.9990894344700319e+01,
       1.0092857893822274e-01, 4.7475716411932178e-01,
       -2.0989780064937850e+01, 7.8078407724384735e-02,
       4.8749998071034684e-01, -2.1989437751499018e+01,
       8.2469223800231792e-02, 5.0599562838262890e-01,
       -2.2989257051048376e+01, 7.7671351137831218e-02,
       4.9305665550592231e-01, -2.3989161828214087e+01,
       4.9841487744045482e-02, 5.1290079995408300e-01,
       -2.4988577511818562e+01, 5.0443607247554194e-02,
       5.4315700283068780e-01, -2.5988119506754039e+01,
       -2.2718945173762002e-02, 5.9949686928293677e-01,
       -2.6983846909395616e+01, -3.3110737893472811e-02,
       6.2796389738566838e-01, -2.7983387623401338e+01,
       -8.5016198650681343e-02, 6.5021956956951155e-01,
       -2.8981791603861765e+01, -7.5563247631285371e-02,
       6.5280495923685300e-01, -2.9981743581447336e+01,
       -8.4148217756331398e-02, 6.4764714488694308e-01,
       -3.0981693427809184e+01, -1.4396243504288198e-01,
       6.4052594517738781e-01, -3.1979877553071198e+01,
       -1.8981983563049376e-01, 6.5658797357524556e-01,
       -3.2978696410549915e+01, -2.5091760791873852e-01,
       6.6761772874718339e-01, -3.3976767253086784e+01,
       -3.0649609067399303e-01, 6.6326923264339976e-01,
       -3.4975212105262536e+01, -1.4703433828424120e-01,
       6.1924135111508904e-01, -3.5961433933845193e+01,
       -8.0188150404149075e-02, 6.0965539118054968e-01,
       -3.6959151176623941e+01, -8.2003153644189267e-02,
       5.9198372388519260e-01, -3.7958993373142093e+01,
       -5.0450136024272799e-02, 6.4489282176164064e-01,
       -3.8957094086718122e+01, 9.7095489452951253e-03,
       6.6702638785930257e-01, -3.9955037430578962e+01,
       5.4887368602225241e-02, 6.4748508999896059e-01,
       -4.0953825247028973e+01, 1.4671336346334798e-01,
       7.0114033984292823e-01, -4.1948153714303217e+01,
       3.2092103663469396e-01, 6.8502878340002515e-01,
       -4.2932730833861257e+01, 4.8109487413241925e-01,
       7.0729051498749906e-01, -4.3919568590074491e+01,
       6.9402089163077418e-01, 7.7005246835890806e-01,
       -4.4894619075065549e+01, 9.8383906888204420e-01,
       8.1240279758074929e-01, -4.5850763349612834e+01,
       1.3158237026086506e+00, 8.4030761886866501e-01,
       -4.6793635304821123e+01, 1.5897162586632092e+00,
       8.7684196084724875e-01, -4.7754701436569654e+01,
       1.9702140666880823e+00, 9.2411987549154540e-01,
       -4.8678273965868328e+01, 2.3717224990442110e+00,
       9.5268810933839554e-01, -4.9593683619936819e+01,
       2.7751027181939487e+00, 9.8933588627585689e-01,
       -5.0507981896892566e+01, 3.3583872499186604e+00,
       1.0449246496466176e+00, -5.1318345422995257e+01,
       4.0006232869034655e+00, 1.0988754361251256e+00,
       -5.2082951325036561e+01, 4.6616419245458900e+00,
       1.1152560624971839e+00, -5.2833141991313482e+01,
       5.3545618538472617e+00, 1.1772468096991253e+00,
       -5.3551486698844847e+01, 6.0607706213180572e+00,
       1.2068003883225658e+00, -5.4258873271192613e+01,
       6.8511918348686711e+00, 1.1806652301597802e+00,
       -5.4870879201455530e+01, 7.7187039730772611e+00,
       1.1663213074952843e+00, -5.5368088354572556e+01,
       8.5664021456509936e+00, 1.2313651253399851e+00,
       -5.5894564479363929e+01, 9.4443113208938616e+00,
       1.2832144734490476e+00, -5.6370576165276205e+01,
       1.0314409676290278e+01, 1.3091989379493689e+00,
       -5.6862768870972950e+01, 1.1259864274585421e+01,
       1.2808871520161937e+00, -5.7187290126578560e+01,
       1.2208307583844514e+01, 1.2891851563767665e+00,
       -5.7504128306483210e+01, 1.3170943152181286e+01,
       1.3146356209488812e+00, -5.7773729931897449e+01,
       1.4141994510248340e+01, 1.3247722541851561e+00,
       -5.8012385559660054e+01, 1.5112779387563071e+01,
       1.3320263427316927e+00, -5.8252227382902753e+01,
       1.6087318891293279e+01, 1.3450890707567753e+00,
       -5.8476062413239426e+01, 1.7075820384554881e+01,
       1.3197759151517670e+00, -5.8625139715243783e+01,
       1.8065596574846371e+01, 1.2639621033599253e+00,
       -5.8756394854363464e+01, 1.9063008794999213e+01,
       1.2407538795696325e+00, -5.8824440731815898e+01,
       2.0060441685868547e+01, 1.2412744464964598e+00,
       -5.8896046298793010e+01, 2.1056121417249301e+01,
       1.2572321695051827e+00, -5.8987518827969360e+01,
       2.2053426967981114e+01, 1.2396546535565749e+00,
       -5.9058741502817924e+01, 2.3052882426364832e+01,
       1.2306380743035510e+00, -5.9090482454372065e+01,
       2.4052669517697616e+01, 1.2139932649053526e+00,
       -5.9102677630648799e+01, 2.5052326899656869e+01,
       1.1958440904658854e+00, -5.9083816926485625e+01,
       2.6051703388127322e+01, 1.1652832331673213e+00,
       -5.9066134497533632e+01, 2.7049661608068682e+01,
       1.1247188048750654e+00, -5.9115469256160679e+01,
       2.8049260077077705e+01, 1.1038822863479292e+00,
       -5.9096266645648427e+01, 2.9047595176677511e+01,
       1.0673714425029970e+00, -5.9051612561974352e+01,
       3.0046582535948627e+01, 1.0291036310971984e+00,
       -5.9027951821776021e+01, 3.1046035376330302e+01,
       9.9616615101087036e-01, -5.9024928204974557e+01,
       3.2043097107339513e+01, 9.3961075337988753e-01,
       -5.8973262050136903e+01, 3.3041918263129332e+01,
       8.9532310469373366e-01, -5.8953389885671520e+01,
       3.4040172192839115e+01, 8.5650636860470575e-01,
       -5.8908866264767902e+01, 3.5038892528111397e+01,
       8.0923739136656536e-01, -5.8890884726889375e+01,
       3.6036202797110640e+01, 7.5310310226925847e-01,
       -5.8843755447919712e+01, 3.7034310839165670e+01,
       7.0988710509953523e-01, -5.8800020862364377e+01,
       3.8031498081675949e+01, 6.4733472248345181e-01,
       -5.8758731604635578e+01, 3.9030321602106639e+01,
       6.0107654771834496e-01, -5.8773283453378539e+01,
       4.0029618024533534e+01, 5.6912223632337389e-01,
       -5.8792919698133552e+01, 4.1028323678969052e+01,
       5.2318237012932012e-01, -5.8771089799082240e+01,
       4.2026013432204500e+01, 4.7684133269049306e-01,
       -5.8820765392063919e+01, 4.3025832824207455e+01,
       4.6990760701987644e-01, -5.8803070567307635e+01,
