%YAML:1.0
---
Trayectoria_ODOV: !!opencv-matrix
   rows: 164
   cols: 1
   dt: d
   data: [ 0., 0., -6.4335280832418990e-02, -9.9508071774598605e-01,
       1.6498292777673015e-01, -1.9657825898825338e+00,
       2.5808543642471188e-01, -2.9435448657507841e+00,
       4.1870546776988482e-01, -3.9007394394822410e+00,
       6.5823781492896938e-01, -4.8444140070621096e+00,
       5.5949372374445605e-01, -5.8271451995622696e+00,
       5.2345150185658362e-01, -6.8072443996123839e+00,
       3.9666878327297117e-01, -7.7811929470603882e+00,
       2.4289881790674861e-01, -8.7629173910658729e+00,
       6.0297074450740840e-02, -9.7260420808553505e+00,
       -6.4446184581740271e-02, -1.0701205379318564e+01,
       -1.3231434645733603e-01, -1.1671084660800718e+01,
       -1.5754072445577863e-01, -1.2657170122388017e+01,
       -1.4794333455252534e-01, -1.3649635627456069e+01,
       -5.7786570936658080e-02, -1.4639150507856034e+01,
       1.3948638290083623e-02, -1.5611649365195273e+01,
       6.0124697914051839e-04, -1.6594899751554529e+01,
       7.1516446528065908e-02, -1.7571978878196330e+01,
       -4.4118380715663735e-02, -1.8557449213276840e+01,
       -4.0752740314012548e-01, -1.9489514379533706e+01,
       -1.1108608852505553e+00, -2.0118134743951870e+01,
       -1.5314889169407797e+00, -2.1013720064134301e+01,
       -1.7479551772010515e+00, -2.1950076437912855e+01,
       -1.9482658483511193e+00, -2.2901334645000944e+01,
       -1.3486458723633352e+00, -2.3693649578932430e+01,
       -1.2696706890104674e+00, -2.4663764339407791e+01,
       -1.2077348037530802e+00, -2.5643567974439531e+01,
       -1.1540291610163762e+00, -2.6613205637093468e+01,
       -1.4266766537612103e+00, -2.7566322353704926e+01,
       -1.4460187966006404e+00, -2.8555033429146160e+01,
       -1.4255044909806327e+00, -2.9556931594219026e+01,
       -1.4965893924038265e+00, -3.0542972278252368e+01,
       -1.4910418712498066e+00, -3.1520847382416509e+01,
       -1.6381855656799131e+00, -3.2491111429599222e+01,
       -1.4082323321482675e+00, -3.3451712283672897e+01,
       -1.3928607650850773e+00, -3.4432766663236173e+01,
       -5.0014575455065535e-01, -3.4846190724782659e+01,
       -4.7575277794558102e-01, -3.5820405762757467e+01,
       -4.0733459702942337e-01, -3.6813795685728245e+01,
       -4.5275668646609807e-01, -3.7815244405101161e+01,
       -3.8684950237528276e-01, -3.8835393536589301e+01,
       -1.2107484606107977e+00, -3.9406556925599233e+01,
       -1.3380782913696061e+00, -4.0392052949008999e+01,
       -1.4880325834603543e+00, -4.1387111070937976e+01,
       -1.5090192749711493e+00, -4.2374243260441936e+01,
       -1.4110504325058866e+00, -4.3378029236017497e+01,
       -1.4244506757869873e+00, -4.4379962660422116e+01,
       -2.0061432563562196e+00, -4.5163150795611280e+01,
       -2.1172899432733270e+00, -4.6148064328084160e+01,
       -2.3839717554783637e+00, -4.7137605369917615e+01,
       -3.1697311983850613e+00, -4.7769102248138879e+01,
       -3.2909670133126259e+00, -4.8782723188551834e+01,
       -4.0932979168007266e+00, -4.9360391526102134e+01,
       -4.5993575905462087e+00, -5.0219043382583081e+01,
       -4.6370975474903950e+00, -5.1246026655363515e+01,
       -5.3296098952152429e+00, -5.1964384741028233e+01,
       -6.1612621940615968e+00, -5.2502355122193691e+01,
       -6.3767244955809517e+00, -5.3512689348111998e+01,
       -7.2364881528005540e+00, -5.3931527771481875e+01,
       -8.1827682515124955e+00, -5.4015854119092069e+01,
       -8.4587341315138271e+00, -5.4984584272250849e+01,
       -9.2913581877596130e+00, -5.5170328782148282e+01,
       -9.9148911520357981e+00, -5.5908200244397761e+01,
       -1.0300331550688595e+01, -5.6827604608407242e+01,
       -1.0643781025778871e+01, -5.7758130053896934e+01,
       -1.1089339813274655e+01, -5.8603145229875942e+01,
       -1.1982615341620765e+01, -5.8580001576133867e+01,
       -1.2840663605481808e+01, -5.8327782829776524e+01,
       -1.3531059874853028e+01, -5.8978581980983513e+01,
       -1.4390060244216832e+01, -5.8875430590096919e+01,
       -1.5222812951901512e+01, -5.8854133645189442e+01,
       -1.5915812313894742e+01, -5.9402512686610613e+01,
       -1.6641924503311788e+01, -5.9841943896232536e+01,
       -1.7305963355729848e+01, -6.0414467814916328e+01,
       -1.7936630786841519e+01, -6.1055843857534931e+01,
       -1.8714180183277492e+01, -6.0889147372599886e+01,
       -1.9450582480919085e+01, -6.1317776104791150e+01,
       -2.0201331357470657e+01, -6.1644738581023951e+01,
       -2.0923607434450684e+01, -6.1438021396986912e+01,
       -2.1638608968980247e+01, -6.1790249381266584e+01,
       -2.2068252508126005e+01, -6.1096221264954607e+01 ]
