%YAML:1.0
---
Trayectoria: !!opencv-matrix
   rows: 45
   cols: 3
   dt: d
   data: [ 0., 0., 0., -1.5124561218721306e-03, 2.0340502901187947e-02,
       -9.9979196657014902e-01, -1.1542437788393699e-01,
       2.5509049649157133e-02, -1.9932693745694388e+00,
       -1.2787138237490644e-01, 4.9333141141179586e-02,
       -2.9929080516642084e+00, -1.5439047622617125e-01,
       7.0591089765794895e-02, -3.9923303034084752e+00,
       -1.3495279507869071e-01, 9.4350636590158105e-02,
       -4.9918590225988293e+00, -1.2382407170730722e-01,
       1.2031422086739486e-01, -5.9914599648790983e+00,
       -1.4489285617930975e-01, 1.8930595438512104e-01,
       -6.9888546946762293e+00, -1.5031936145086697e-01,
       2.3202794576940189e-01, -7.9879269565735855e+00,
       -1.5857023298240785e-01, 2.4399163152636974e-01,
       -8.9878213476680049e+00, -1.7105714426543212e-01,
       2.4472446647940371e-01, -9.9877431146075697e+00,
       -7.6179846232445128e-02, 2.3796170957760671e-01,
       -1.0983209117762398e+01, -5.5852590524739329e-02,
       2.6261073059199408e-01, -1.1982698601668270e+01,
       -6.6988234301510519e-02, 2.8673774602454899e-01,
       -1.2982345481603378e+01, -7.7681535900057538e-02,
       3.2412797962115020e-01, -1.3981589007342983e+01,
       -8.5811182433036343e-02, 3.3026376941451568e-01,
       -1.4981537136463119e+01, -4.3425764514622232e-02,
       3.2929362896683306e-01, -1.5980637999827472e+01,
       1.0582808328962467e-03, 3.5038198958026745e-01,
       -1.6979425490115652e+01, 8.8000646744601813e-02,
       3.6538775748848912e-01, -1.7975525812341864e+01,
       6.5000699650215085e-02, 4.0368510054042994e-01,
       -1.8974527471974529e+01, 1.7908145432254052e-01,
       3.9572908660728018e-01, -1.9967967094324919e+01,
       2.0025753125123608e-01, 4.2316115875983012e-01,
       -2.0967366441524689e+01, 1.2362046441394549e-01,
       4.4651247893406332e-01, -2.1964152013166203e+01,
       1.3096392410394680e-01, 4.3586104129040387e-01,
       -2.2964068319901873e+01, -1.0876099939353845e-02,
       4.0296349407978993e-01, -2.3953411111338148e+01,
       1.6797309798388470e-02, 3.9067796019166701e-01,
       -2.4952952630260985e+01, 2.2148593857631610e-01,
       4.6672066188092143e-01, -2.5928821511191622e+01,
       3.1248930159000504e-01, 4.5932366327696272e-01,
       -2.6924644624164930e+01, 2.9917651770343023e-01,
       4.6025966763730419e-01, -2.7924555567039860e+01,
       2.5612885987515843e-01, 4.6276056145308303e-01,
       -2.8923625456830170e+01, 3.5135606369961581e-01,
       4.7269951433144941e-01, -2.9919031402596747e+01,
       1.9833738546837168e-01, 4.9824775089153955e-01,
       -3.0906924398685408e+01, -2.9552577744581476e-01,
       4.2851864123974559e-01, -3.1773663706426532e+01,
       -2.4263961654279823e-01, 4.5193986660739666e-01,
       -3.2771989555128862e+01, -5.1700564707968777e-01,
       5.0891007484826478e-01, -3.3731925842941976e+01,
       -3.9787382346558725e-01, 5.3754091027202378e-01,
       -3.4724391400966695e+01, -3.0278977563403831e-01,
       5.3207866207939358e-01, -3.5719845662945943e+01,
       -3.1483566104142235e-01, 5.4042666641196913e-01,
       -3.6719738260912550e+01, -3.8724117292516619e-01,
       5.2211560394931578e-01, -3.7716945434392734e+01,
       -4.7052900825378741e-01, 5.0116864292443919e-01,
       -3.8713250789848630e+01, -4.5469148974420520e-01,
       5.0703564994796990e-01, -3.9713108155294343e+01,
       -3.7976561402237685e-01, 5.1332593047754249e-01,
       -4.0710277421526598e+01, -2.4625613821398173e-01,
       4.8612398394059853e-01, -4.1700951572786217e+01,
       -1.1206820935508938e-01, 5.0714744001516232e-01,
       -4.2691684439932168e+01, 9.3923846781091919e-02,
       5.1541366450676152e-01, -4.3670203189032790e+01 ]
