%YAML:1.0
---
Trayectoria: !!opencv-matrix
   rows: 114
   cols: 3
   dt: d
   data: [ 0., 0., 0., 3.2466565343998145e-02, 7.9736955447081894e-03,
       -9.9944101492490500e-01, 7.6653354697192561e-02,
       2.3657664534951856e-02, -1.9983411804886961e+00,
       6.7021300369519199e-02, 8.5789201856523740e-03,
       -2.9981810951741807e+00, -6.6921971048038126e-02,
       1.0371922075988552e-01, -3.9845925322776887e+00,
       -7.5253878896104798e-02, 1.3521749175637693e-01,
       -4.9840616104566209e+00, -8.3698595693418545e-02,
       1.5721777801008030e-01, -5.9837839089790501e+00,
       -9.3546465656702979e-02, 2.1256444201354571e-01,
       -6.9822025417383120e+00, -3.9818757895251904e-02,
       2.2495227009860519e-01, -7.9806813222509652e+00,
       -5.1487218040253399e-02, 2.3609606352630946e-01,
       -8.9805511452308799e+00, -5.6780048875750021e-02,
       2.3499178925446870e-01, -9.9805365283840928e+00,
       -1.3574829185375503e-02, 2.3100279415482608e-01,
       -1.0979594783397083e+01, 4.7282065793124439e-02,
       2.3532715473761767e-01, -1.1977731917381750e+01,
       3.9165855351559073e-02, 2.3221212189216381e-01,
       -1.2977694128516971e+01, 3.0726827088682369e-02,
       2.4139494573917614e-01, -1.3977616354766679e+01,
       -2.2204092970650676e-02, 2.5726011044232339e-01,
       -1.4976088494713816e+01, -1.7837144772053587e-02,
       2.5407024168981912e-01, -1.5976073871857288e+01,
       -2.5448576850262437e-02, 2.5823939390824074e-01,
       -1.6976036213283955e+01, -6.4500519587540564e-02,
       2.7588688156668623e-01, -1.7975117547284238e+01,
       -7.2209390499532761e-02, 2.8558193738887283e-01,
       -1.8975040833942703e+01, -8.7416424764851786e-03,
       2.9765476609123998e-01, -1.9972951697581337e+01,
       -1.9597795496692480e-02, 3.3366197807052844e-01,
       -2.0972244259660670e+01, -6.7174521502325613e-02,
       3.6491718186976030e-01, -2.1970622728668317e+01,
       -3.5204639916233779e-02, 3.3224824456425028e-01,
       -2.2969577516036946e+01, -5.7663729280079963e-02,
       3.2595237378865005e-01, -2.3969305454686317e+01,
       -5.9352902138104208e-02, 3.2250237402525816e-01,
       -2.4969298076757443e+01, 3.2400585898143028e-02,
       3.3752945856595612e-01, -2.5964966437288894e+01,
       -1.0214857277123614e-01, 3.5718139227726986e-01,
       -2.6955678466792303e+01, -1.7171289600291545e-01,
       3.2135686025858956e-01, -2.7952612470545290e+01,
       -7.6309666952269417e-01, 2.8177386461925691e-01,
       -2.8758030634528275e+01, -6.5331506062077349e-01,
       2.8699662501296797e-01, -2.9751972645472964e+01,
       -6.9981761269225007e-01, 2.4190013348847478e-01,
       -3.0749872349402683e+01, -7.2908441225204446e-01,
       2.1604374459542317e-01, -3.1749109509238593e+01,
       -8.0070851537381327e-01, 2.2821612809807057e-01,
       -3.2746466928086953e+01, -9.3218093845183247e-01,
       2.5778319954048151e-01, -3.3737345725042623e+01,
       -5.6163565595293652e-01, 2.0446846666102336e-01,
       -3.4664628709290582e+01, -3.2833339494791258e-01,
       1.1301712169028508e-01, -3.5632723077889523e+01,
       -2.1847579136399881e-01, 1.3358489460134462e-01,
       -3.6626457586524637e+01, -2.4705046820964871e-01,
       1.2315846233011643e-01, -3.7625994868147117e+01,
       -1.3624400195219824e-01, 1.5359535895802959e-01,
       -3.8619370689455046e+01, 1.0256335655085716e-01,
       1.4154657201292986e-01, -3.9590362899649314e+01,
       3.2601046063212014e-01, 1.8710340495444297e-01,
       -4.0564013743971877e+01, 1.6360808489028522e-01,
       2.0389452454043544e-01, -4.1550595482428683e+01,
       4.8067638460137835e-01, 2.1617429749892261e-01,
       -4.2498918687087517e+01, 6.3989947596743335e-01,
       2.2327213617662509e-01, -4.3486135799916269e+01,
       6.3577833097459124e-01, 2.6218386525578058e-01,
       -4.4485369953407840e+01, 8.9705861994011116e-01,
       2.7057615537471613e-01, -4.5450596444996549e+01,
       1.2533379545735028e+00, 2.6060683393378437e-01,
       -4.6384922752205753e+01, 1.5382987429253951e+00,
       2.9207352690077260e-01, -4.7342945297000803e+01,
       1.8949707062858514e+00, 2.7400351765016906e-01,
       -4.8277000212580333e+01, 2.3085342899955927e+00,
       2.7107227951757407e-01, -4.9187470733834132e+01,
       2.8046596643419925e+00, 2.5483106643962494e-01,
       -5.0055569712020031e+01, 3.4014761981529551e+00,
       2.1728087439130081e-01, -5.0857068313420555e+01,
       4.0234886601034123e+00, 1.8054688315358086e-01,
       -5.1639213511619765e+01, 4.6626022189609451e+00,
       1.8705390390116622e-01, -5.2408298368813981e+01,
       5.3383164373380829e+00, 1.7891223057950034e-01,
       -5.3145417089400084e+01, 6.1159497589547902e+00,
       1.9070719921743495e-01, -5.3774024515244065e+01,
       6.9304471890344113e+00, 1.4178516836418098e-01,
       -5.4352125346666135e+01, 7.7804949051774210e+00,
       1.0445756863344965e-01, -5.4877506665879523e+01,
       8.6311083266868511e+00, 1.0277851069981576e-01,
       -5.5403295585420885e+01, 9.4779320380791532e+00,
       1.3358610473860483e-01, -5.5934276276193451e+01,
       1.0340599482057010e+01, 1.5998792289582323e-01,
       -5.6439358274584507e+01, 1.1260524348596842e+01,
       2.0224168556935782e-01, -5.6829169587223838e+01,
       1.2206879463839845e+01, 1.9634735777484846e-01,
       -5.7152244273253636e+01, 1.3159681566562913e+01,
       1.9249545809709892e-01, -5.7455811919611698e+01,
       1.4139576981327798e+01, 1.9434584248744369e-01,
       -5.7655315183245065e+01, 1.5113184812109179e+01,
       1.8278029666557183e-01, -5.7883249450065605e+01,
       1.6089929197114703e+01, 1.4899881477243127e-01,
       -5.8094978564363295e+01, 1.7073350925810743e+01,
       1.1045233776674929e-01, -5.8272167369424288e+01,
       1.8066333155989675e+01, 3.1267719956436818e-02,
       -5.8360008628813652e+01, 1.9063107231795957e+01,
       2.0823304929428004e-02, -5.8439584730724192e+01,
       2.0061589021348212e+01, 5.6794486407837456e-03,
       -5.8492544900184235e+01, 2.1056731791252744e+01,
       -1.9952138468330556e-02, -5.8587591674190541e+01,
       2.2055171455766967e+01, -4.3335483362196107e-02,
       -5.8638301195054986e+01, 2.3052813399133221e+01,
       -7.6613298665238527e-02, -5.8698327354727773e+01,
       2.4052627491920681e+01, -9.4034498888231177e-02,
       -5.8706590625652737e+01, 2.5051809418809629e+01,
       -1.3374149539551783e-01, -5.8698920462234632e+01,
       2.6051085663703386e+01, -1.5367979680027927e-01,
       -5.8666525238387180e+01, 2.7049812649432177e+01,
       -1.8600958295059414e-01, -5.8627805825884401e+01,
       2.8048677384078893e+01, -2.3346937085495309e-01,
       -5.8623705775736639e+01, 2.9045594859281913e+01,
       -2.8892673498051652e-01, -5.8568207772177253e+01,
       3.0041700635099545e+01, -3.5815762644061500e-01,
       -5.8622800510251018e+01, 3.1039920333684364e+01,
       -4.1780145338754421e-01, -5.8623017913916399e+01,
       3.2038472237021843e+01, -4.6653057750945531e-01,
       -5.8600223861986095e+01, 3.3035416169772482e+01,
       -5.2912518201937264e-01, -5.8553482975837824e+01,
       3.4034101430091653e+01, -5.7828507971435561e-01,
       -5.8538955234105423e+01, 3.5028123788390793e+01,
       -6.5211561120955719e-01, -5.8458527603153456e+01,
       3.6024856999381143e+01, -7.2749944758306384e-01,
       -5.8487513519086491e+01, 3.7022157724849905e+01,
       -8.0050738655463594e-01, -5.8479696625419685e+01,
       3.8020592948373519e+01, -8.5639219409516032e-01,
       -5.8481694802964448e+01, 3.9018650727331462e+01,
       -8.9781429846353022e-01, -5.8528223064604298e+01,
       4.0015501042552089e+01, -9.4749505418842828e-01,
       -5.8466406630259243e+01, 4.1014226386893370e+01,
       -9.9701302742373499e-01, -5.8456626195859450e+01,
       4.2005910935446785e+01, -1.0672583302354188e+00,
       -5.8348795988620019e+01, 4.3005178754768153e+01,
       -1.0969655540924714e+00, -5.8324685697883091e+01,
