%YAML:1.0
---
Trayectoria: !!opencv-matrix
   rows: 5
   cols: 3
   dt: d
   data: [ 0., 0., 0., 0., 0., 0., 1.0074995394208559e-01,
       2.2288447667600377e-02, -9.5405389609667179e-01,
       1.9723625104766887e-01, 9.2963795688744175e-02,
       -1.9160484625558303e+00, 2.7751323298394021e-01,
       1.5630415024905514e-01, -2.8873014362549454e+00 ]
