%YAML:1.0
---
Trayectoria: !!opencv-matrix
   rows: 911
   cols: 3
   dt: d
   data: [ 0., 0., 0., -1.5124561218721306e-03, 2.0340502901187947e-02,
       -9.9979196657014902e-01, -1.1391192176206485e-01,
       5.1685467479691853e-03, -9.9347740799928963e-01,
       -1.2447004490969457e-02, 2.3824091492022453e-02,
       -9.9963867709476961e-01, -2.6519093851264816e-02,
       2.1257948624615303e-02, -9.9942225174426702e-01,
       1.9437681147480543e-02, 2.3759546824363206e-02,
       -9.9952871919035413e-01, 1.1128723371383493e-02,
       2.5963584277236756e-02, -9.9960094228026908e-01,
       -2.1068784472002524e-02, 6.8991733517726181e-02,
       -9.9739472979713073e-01, -5.4265052715572297e-03,
       4.2721991384280858e-02, -9.9907226189735621e-01,
       -8.2508715315408737e-03, 1.1963685756967841e-02,
       -9.9989439109441880e-01, -1.2486911283024264e-02,
       7.3283495303396329e-04, -9.9992176693956503e-01,
       9.4877298032986987e-02, -6.7627569017969982e-03,
       -9.9546600315482769e-01, 2.0327255707705799e-02,
       2.4649021014387359e-02, -9.9948948390587222e-01,
       -1.1135643776771184e-02, 2.4127015432554928e-02,
       -9.9964687993510737e-01, -1.0693301598547022e-02,
       3.7390233596601229e-02, -9.9924352573960407e-01,
       -8.1296465329787973e-03, 6.1357897933654679e-03,
       -9.9994812912013642e-01, 4.2385417918414110e-02,
       -9.7014044768260830e-04, -9.9910086336435211e-01,
       4.4484045347518479e-02, 2.1088360613434363e-02,
       -9.9878749028817859e-01, 8.6942365911705566e-02,
       1.5005767908221649e-02, -9.9610032222621059e-01,
       -2.2999947094386724e-02, 3.8297343051940810e-02,
       -9.9900165963266463e-01, 1.1408075467232544e-01,
       -7.9560139331497567e-03, -9.9343962235039185e-01,
       2.1176076928695546e-02, 2.7432072152549929e-02,
       -9.9939934719977097e-01, -7.6637066837290588e-02,
       2.3351320174233196e-02, -9.9678557164151294e-01,
       7.3434596900013201e-03, -1.0651437643659428e-02,
       -9.9991630673567145e-01, -1.4184002404330065e-01,
       -3.2897547210613949e-02, -9.8934279143627579e-01,
       2.7673409737742315e-02, -1.2285533888122951e-02,
       -9.9954151892283694e-01, 2.0468862877792762e-01,
       7.6042701689254436e-02, -9.7586888093063628e-01,
       9.1003363013688957e-02, -7.3969986039586792e-03,
       -9.9582311297330972e-01, -1.3312783886574794e-02,
       9.3600436034144315e-04, -9.9991094287492843e-01,
       -4.3047657828271774e-02, 2.5008938157788548e-03,
       -9.9906988979031075e-01, 9.5227203824457402e-02,
       9.9389528783663944e-03, -9.9540594576657926e-01,
       -1.5301867823124413e-01, 2.5548236560090126e-02,
       -9.8789299608866221e-01, -4.9386316291418642e-01,
       -6.9729109651793936e-02, -8.6673930774112473e-01,
       5.2886160903016538e-02, 2.3421225367651066e-02,
       -9.9832584870232599e-01, -2.7436603053688957e-01,
       5.6970208240868167e-02, -9.5993628781311502e-01,
       1.1913182361410052e-01, 2.8630835423758976e-02,
       -9.9246555802471947e-01, 9.5084047831548932e-02,
       -5.4622481926301552e-03, -9.9545426197924880e-01,
       -1.2045885407384065e-02, 8.3480043325755583e-03,
       -9.9989259796661001e-01, -7.2405511883743834e-02,
       -1.8311062462653314e-02, -9.9720717348018661e-01,
       -8.3287835328621246e-02, -2.0946961024876583e-02,
       -9.9630535545589416e-01, 1.5837518509582225e-02,
       5.8670070235306813e-03, -9.9985736544571513e-01,
       7.4925875721828350e-02, 6.2902805295725409e-03,
       -9.9716926623225710e-01, 1.3350947580839512e-01,
       -2.7201946536943977e-02, -9.9067415125962088e-01,
       1.3418792885889236e-01, 2.1023456074563785e-02,
       -9.9073286714595421e-01, 2.0599205613618130e-01,
       8.2662244915991424e-03, -9.7851874910062109e-01,
       7.6723658210263390e-02, 2.2510687909197972e-02,
       -9.9679824899559810e-01, 1.3593148494985277e-01,
       -2.3448935795241623e-02, -9.9044069928966427e-01,
       2.5772038351312426e-01, 2.0926749513844163e-02,
       -9.6599289597627691e-01, 3.8827826067058280e-01,
       3.5818925122075906e-02, -9.2084580516703629e-01,
       3.7530018169588331e-01, 1.0286645788274554e-02,
       -9.2684624320189402e-01, 4.8749884502057622e-01,
       2.1897138459711609e-02, -8.7284900838053370e-01,
       5.4755576259982275e-01, 2.5029383148783141e-02,
       -8.3639477331157408e-01, 4.9967469082305860e-01,
       -2.9567034565102322e-03, -8.6620809350614580e-01,
       5.7560440789177114e-01, -2.9836764572412189e-02,
       -8.1718378171340045e-01, 6.3211797673144576e-01,
       9.3086738368355938e-03, -7.7481624407619587e-01,
       7.4553196503071451e-01, 7.3536758734529710e-03,
       -6.6642930050275395e-01, 7.4360353441497173e-01,
       -9.9364556005644301e-03, -6.6854696952096082e-01,
       7.7907148251465230e-01, 8.6301807689429921e-03,
       -6.2687570148500549e-01, 8.5499684502101836e-01,
       3.7056739417124680e-03, -5.1861996007167244e-01,
       8.7715746920627014e-01, -1.3616869021843749e-02,
       -4.8000974479034680e-01, 8.7241627489844842e-01,
       -1.3844967125283440e-02, -4.8856745714140126e-01,
       9.0056363069749901e-01, -3.1102035253874553e-02,
       -4.3361020567787156e-01, 9.1484351308007650e-01,
       -2.1147714354689946e-02, -4.0325441194471351e-01,
       9.1891142061536479e-01, -8.1985900854993563e-03,
       -3.9437873191040890e-01, 9.6697112071549707e-01,
       3.5692132916885638e-03, -2.5486096684014675e-01,
       9.7742773761296031e-01, -4.6586487652284667e-02,
       -2.0606968945731660e-01, 9.7465656448332105e-01,
       -2.8579950932186984e-02, -2.2187331456100126e-01,
       9.7380757808749452e-01, -1.6697055866510380e-02,
       -2.2675980504657467e-01, 9.8992728894996862e-01,
       -4.6702492090300973e-02, -1.3365193535719111e-01,
       9.8252935266202812e-01, -8.2675057290874737e-02,
       -1.6673603707503759e-01, 9.9497379107808359e-01,
       -5.0478280756052235e-02, -8.6481779812980705e-02,
       9.9369216979703290e-01, -1.8614405524593983e-02,
       -1.1058650727386823e-01, 9.9599971856005809e-01,
       -1.5544913943482015e-02, -8.7993842277615267e-02,
       9.9807015507774355e-01, -2.8900362631519620e-02,
       -5.4961209801636261e-02, 9.9935111165116519e-01,
       -2.1836931628635710e-02, -2.8644442019873938e-02,
       9.9906192034039665e-01, -3.0667545171349578e-02,
       -3.0574188442637588e-02, 9.9921697400018317e-01,
       -3.2091666878270829e-02, -2.3142251119865183e-02,
       9.9931106274093207e-01, -3.1418259901666162e-02,
       -1.9755830236777790e-02, 9.9817641415656100e-01,
       -4.8785948320531458e-02, 3.5549647931027280e-02,
       9.9861698402585941e-01, -4.0134488254522795e-02,
       3.3960890265833620e-02, 9.9932998537123829e-01,
       -3.5715889756015237e-02, 7.9972218214253883e-03,
       9.9845702901026867e-01, -4.4125064829450146e-02,
       3.3712607045267962e-02, 9.9724331706550440e-01,
       -5.0461665937511120e-02, 5.4400246681471393e-02,
       9.9764271216726064e-01, -5.1105035732286620e-02,
       4.5796224542619390e-02, 9.9921013499054734e-01,
       -3.7833235937140101e-02, 1.2155344121052895e-02,
       9.9806033938114236e-01, -5.7118370730514456e-02,
       2.4759860247852424e-02, 9.9770670165768782e-01,
       -6.7507639522917495e-02, 4.9046991124571601e-03,
       9.9946412881658420e-01, -2.1282644110629044e-02,
       -2.4869746049540994e-02, 9.7501283716851461e-01,
       4.3287798744730460e-02, -2.1789018756346329e-01,
       9.9710451742913087e-01, -7.2542974989564066e-02,
       2.2805659431085298e-02, 9.9141450739689208e-01,
       -1.1444811278233000e-01, 6.3236887996988234e-02,
       9.9948201304511664e-01, -3.0824824757536784e-02,
       9.2485554521349687e-03, 9.9516153059387380e-01,
       -9.5682922902578529e-02, 2.2322775160811770e-02,
       4.4858136735387494e-01, -2.7350431359444791e-02,
       8.9332340771267238e-01, 9.9875322339678563e-01,
       -4.6318284389687860e-02, 1.8617606874375296e-02,
