%YAML:1.0
---
Trayectoria: !!opencv-matrix
   rows: 78
   cols: 3
   dt: d
   data: [ 0., 0., 0., 2.1004215807354273e-01, -5.3755609260397304e-02,
       -9.7621341227461744e-01, 3.9710159691369684e-01,
       1.2051143308786988e-01, -1.9429811011699352e+00,
       3.8017068868699672e-01, 1.6748416032024255e-01,
       -2.9417337768824821e+00, 8.8459478107398826e-01,
       1.0060417316861228e+00, -3.1475918214775742e+00,
       9.0386822784208165e-01, 1.2123979302908838e+00,
       -4.1258789232769750e+00, 8.6538875177652541e-01,
       1.3615125639427803e+00, -5.1139498498569358e+00,
       7.9390570476725175e-01, 1.5718294939154891e+00,
       -6.0889662409792216e+00, 6.3077126649275439e-01,
       1.8227426845243644e+00, -7.0431306533460525e+00,
       5.2769117129558640e-01, 2.0338779112688004e+00,
       -8.0151370370708293e+00, 6.3242618679281704e-01,
       2.4040955122840115e+00, -8.9381589785366522e+00,
       6.4342078696755045e-01, 2.5911467476844998e+00,
       -9.9204476092873861e+00, 8.9617451868126574e-01,
       2.8165008476122222e+00, -1.0861367946377918e+01,
       1.1325350152219436e+00, 3.0225868728857508e+00,
       -1.1810926931308293e+01, 2.0052290908516719e+00,
       2.7044593831908794e+00, -1.2181332048256227e+01,
       1.6235054042948467e+00, 2.5224121648392410e+00,
       -1.1275161072439909e+01, 1.9641457689812913e+00,
       2.6968212344383931e+00, -1.2199036398654354e+01,
       2.1549961814667102e+00, 2.9154616453617166e+00,
       -1.3155996424342693e+01, 2.4021349856224221e+00,
       3.2027995405526584e+00, -1.4081393282705484e+01,
       2.4425496721547617e+00, 3.5201599549878013e+00,
       -1.5028836695507563e+01, 2.3718206164816298e+00,
       3.6152868506037881e+00, -1.6021785976394586e+01,
       2.4540602086245631e+00, 2.6988289912109389e+00,
       -1.6413374588896581e+01, 2.4305537974206346e+00,
       2.8393399376969226e+00, -1.7403174630596887e+01,
       2.3460350339489278e+00, 3.2634241899535121e+00,
       -1.8304844817311068e+01, 2.4624872218629403e+00,
       3.4641015933777495e+00, -1.9277556217308490e+01,
       2.7599709019011600e+00, 3.8235843908800797e+00,
       -2.0162019658277543e+01, 2.9498430386537691e+00,
       4.0236489572741956e+00, -2.1123228657901734e+01,
       2.8662393866089215e+00, 4.0936454678498686e+00,
       -2.2117266342233670e+01, 3.2205631062798186e+00,
       3.4030234589126827e+00, -2.2747739135025036e+01,
       3.3452898386711802e+00, 3.8201146518459770e+00,
       -2.3648004750832090e+01, 3.3576820174888127e+00,
       3.8245464423128266e+00, -2.4647918143650394e+01,
       3.5355937020734092e+00, 3.8465801627338720e+00,
       -2.5631717893423019e+01, 3.4385041281933111e+00,
       3.9376123872304101e+00, -2.6622821696637896e+01,
       3.6181236809316855e+00, 4.0842032072224699e+00,
       -2.7595574464697759e+01, 3.5983196819263821e+00,
       4.2600822262838705e+00, -2.8579787029277888e+01,
       3.4610716582042480e+00, 4.5448354366083770e+00,
       -2.9528511746566448e+01, 3.4246577040432711e+00,
       4.7900069172019419e+00, -3.0497307374676897e+01,
       3.4489480902253526e+00, 4.9514601788650294e+00,
       -3.1483888755728394e+01, 3.4700710511877437e+00,
       5.1933972691089929e+00, -3.2453950745956064e+01,
       3.4554765690213944e+00, 5.2613461707804969e+00,
       -3.3451532796642589e+01, 3.5564852745085198e+00,
       5.4539189166960593e+00, -3.4427602967760606e+01,
       3.8560216444722264e+00, 5.5466675663908962e+00,
       -3.5377169000771872e+01, 4.0584351933837830e+00,
       5.6499119777966520e+00, -3.6351011568505747e+01,
       4.2565934001600887e+00, 5.7938425545600225e+00,
       -3.7320556469044014e+01, 5.2160080283266419e+00,
       5.6545226000450812e+00, -3.7565737058679467e+01,
       5.2524812098963096e+00, 5.7903317931929612e+00,
       -3.8555800475881973e+01, 5.0121228146623400e+00,
       5.7069423503418912e+00, -3.7588704801886095e+01,
       5.4054145081684393e+00, 5.7765739328531804e+00,
       -3.8505477994413056e+01, 5.5755569657906268e+00,
       5.7463140663810481e+00, -3.9490432757128261e+01,
       5.5438797593062175e+00, 5.7647733958509155e+00,
       -4.0489760434992171e+01, 5.6542409132058520e+00,
       5.9030316125917022e+00, -4.1473988600212820e+01,
       5.7960976791996348e+00, 5.9369632097218226e+00,
       -4.2463294066010917e+01, 5.8306451823800343e+00,
       6.0832666615352409e+00, -4.3451930384386628e+01,
       5.6796125429505508e+00, 5.9034170131853996e+00,
       -4.4423960860151354e+01, 5.7905400714079027e+00,
       5.7828557500590643e+00, -4.5410449615922914e+01,
       5.8013957607315332e+00, 5.6597373059941622e+00,
       -4.6402782222834702e+01, 5.3362976314621857e+00,
       5.5357576512812070e+00, -4.7279316748890238e+01,
       5.4106218102616053e+00, 5.3890942612757158e+00,
       -4.8265707019765763e+01, 6.0524016781997672e+00,
       5.3311009351450451e+00, -4.9030400013870967e+01,
       6.9843055713341506e+00, 5.0227318543064046e+00,
       -4.9221354573763392e+01, 6.5050220746647494e+00,
       5.0105190958359538e+00, -5.0098929743393263e+01,
       5.9176218402248075e+00, 5.1487793566345355e+00,
       -5.0896328680477964e+01, 6.0173785223540728e+00,
       5.4897782224451372e+00, -5.1831084465636017e+01,
       6.4285147112647101e+00, 5.1853954787248346e+00,
       -5.2690338897974506e+01, 6.3127544299493952e+00,
       5.3528933739768334e+00, -5.3669391507570104e+01,
       6.2849531180184286e+00, 4.9715917829579892e+00,
       -5.4593424073955845e+01, 6.2487772053424298e+00,
       4.9303409342677540e+00, -5.5591917774899620e+01,
       6.1267528000915084e+00, 4.9608799816108817e+00,
       -5.6583974936110877e+01, 7.0339020084009984e+00,
       4.5463341211383055e+00, -5.6511642070631083e+01,
       6.4964647640715709e+00, 4.2487916302558091e+00,
       -5.5722573205114877e+01, 5.5837700031496791e+00,
       4.6441796635581509e+00, -5.5619342509548886e+01,
       5.9210111027101275e+00, 5.2890016519531500e+00,
       -5.6305252885654667e+01, 6.2911139295051512e+00,
       5.9985672493592350e+00, -5.6904869897234626e+01,
       5.8882049817127911e+00, 5.3069591132359344e+00,
       -5.6305418009392987e+01, 5.9996631132224527e+00,
       5.9646031276113565e+00, -5.7050455884454756e+01,
       6.9052545045347555e+00, 6.1300281844922502e+00,
       -5.7441018021043796e+01, 6.8388992489201383e+00,
       6.7724753798476875e+00, -5.8204469775401755e+01,
       6.7752156143350497e+00, 7.3581080398277923e+00,
       -5.9012540800900538e+01 ]
