%YAML:1.0
---
Rotation: !!opencv-matrix
   rows: 3
   cols: 3
   dt: d
   data: [ 9.9999701719372658e-01, 2.4380137376229594e-03,
       -1.4728429909563467e-04, -2.4388849362022521e-03,
       9.9997757640025420e-01, -6.2368691618007758e-03,
       1.3207542375524503e-04, 6.2372097678867417e-03,
       9.9998053969584488e-01 ]
