%YAML:1.0
---
Trayectoria: !!opencv-matrix
   rows: 143
   cols: 3
   dt: d
   data: [ 0., 0., 0., 5.8926698765482943e-01, 1.4700236175911804e-01,
       -7.9445246736192121e-01, 6.6795485825476009e-01,
       1.8624812945344460e-01, -1.7905789597003849e+00,
       1.3779723460046986e+00, 4.3616676880590127e-01,
       -2.4489222142367115e+00, 2.0708585181985342e+00,
       5.9407824941128495e-01, -3.1524651885286810e+00,
       2.8134723726455197e+00, 6.9600338689899033e-01,
       -3.8143835592750319e+00, 3.4043486224137136e+00,
       8.3184949939833186e-01, -4.6096263468428855e+00,
       3.8418712496677445e+00, 9.8925210074316061e-01,
       -5.4949502264093475e+00, 4.1809920577929898e+00,
       1.0811538566737231e+00, -6.4311933277208393e+00,
       4.6165688382331300e+00, 1.1402000509679298e+00,
       -7.3294062285860919e+00, 5.0689170125421636e+00,
       1.2262842685682827e+00, -8.2170833301716968e+00,
       5.9745495688077961e+00, 9.3966277041033308e-01,
       -7.9045488683511325e+00, 6.8147633933423437e+00,
       1.0785902046461109e+00, -7.3803925013405891e+00,
       7.4264035150342629e+00, 3.8203257618435726e-01,
       -7.0052874070424282e+00, 8.0882137403803629e+00,
       -5.0102601923942558e-03, -6.3632554230752856e+00,
       8.7567220603501497e+00, -1.4581990196501710e-01,
       -5.6330025415917273e+00, 9.4301348920803338e+00,
       -3.5147490317729574e-01, -4.9229172097213141e+00,
       9.9020905436563638e+00, -2.4873432238374238e-01,
       -4.0473018626632307e+00, 1.0151679287197656e+01,
       -5.1663736520388093e-01, -3.1167464270522229e+00,
       9.1609432419123245e+00, -4.9089412124191678e-01,
       -2.9834071081597950e+00, 1.0155812246997852e+01,
       -5.9189924523455839e-01, -2.9892060431794536e+00,
       1.1135730194724861e+01, -7.3630616572707230e-01,
       -2.8517016540263911e+00, 1.2133896118207829e+01,
       -7.6876722672843689e-01, -2.9028002715816137e+00,
       1.3132716087554877e+01, -8.0905663774379466e-01,
       -2.9299191246841247e+00, 1.4120326358529045e+01,
       -9.3689092018038078e-01, -2.8389007259932546e+00,
       1.5110999708258387e+01, -1.0473261072816626e+00,
       -2.7590860432215627e+00, 1.6074620611983139e+01,
       -1.2071462614459434e+00, -2.5448612262007662e+00,
       1.7061245009245273e+01, -1.3142718846204864e+00,
       -2.4219938196740771e+00, 1.8037527598583253e+01,
       -1.4348389070875855e+00, -2.2421719665834670e+00,
       1.9012506009538740e+01, -1.5737386625025467e+00,
       -2.0686094242064490e+00, 1.9976914340715961e+01,
       -1.6849992479511600e+00, -1.8287393492041726e+00,
       2.0955054691110682e+01, -1.7816074368488477e+00,
       -1.6445972498146066e+00, 2.1900362344637099e+01,
       -1.9362923166842758e+00, -1.3574282610036990e+00,
       2.2870925190464362e+01, -2.0687311580187622e+00,
       -1.1562623702427202e+00, 2.3849884982152837e+01,
       -2.1844517068760192e+00, -9.8819547633010141e-01,
       2.4798438352932656e+01, -2.3242205399675591e+00,
       -7.0409835195452941e-01, 2.5743410436344934e+01,
       -2.4701913353804761e+00, -4.1131807861294167e-01,
       2.6680598540724628e+01, -2.6235318073742313e+00,
       -9.8004886011786585e-02, 2.7615778805941545e+01,
       -2.7724395815793939e+00, 2.2334281715424148e-01,
       2.8587471234383102e+01, -2.8800569006139560e+00,
       4.3365766958545604e-01, 2.9549138654376168e+01,
       -3.0014499282276081e+00, 6.7954281791831095e-01,
       3.0501068261021260e+01, -3.1464274984929275e+00,
       9.4937893135104745e-01, 3.1470114208559632e+01,
       -3.2596405490262721e+00, 1.1687707195938868e+00,
       3.2358234238262625e+01, -3.3436269604601865e+00,
       1.6206435950077616e+00, 3.3290537744808240e+01,
       -3.4658936773182174e+00, 1.9610272339087831e+00,
       3.4232954802611708e+01, -3.5790781230641984e+00,
       2.2757324458170425e+00, 3.5204256913453015e+01,
       -3.7241125575081666e+00, 2.4642456344822685e+00,
       3.6132713533950998e+01, -3.8797974753792701e+00,
       2.8014851787248225e+00, 3.7073561937161472e+01,
       -3.9834127920043958e+00, 3.1240811308646066e+00,
       3.8034834827379505e+01, -4.1188724697355612e+00,
       3.3640917686305842e+00, 3.8991161375565149e+01,
       -4.2683696404297677e+00, 3.6152692540661966e+00,
       3.9938847945679186e+01, -4.4093452203520265e+00,
       3.9016536996827051e+00, 4.0893491355304377e+01,
       -4.5400797076053347e+00, 4.1691690343867291e+00,
       4.1827842090810584e+01, -4.6727786392505122e+00,
       4.4998950487841913e+00, 4.2776054207666277e+01,
       -4.7972563176523817e+00, 4.7921262740625945e+00,
       4.3741162215051702e+01, -4.9413390367446830e+00,
       5.0107737166259483e+00, 4.4697468644946603e+01,
       -5.0418428144468956e+00, 5.2853224423728422e+00,
       4.5667526589626604e+01, -5.1690738942853187e+00,
       5.4922036553583444e+00, 4.6607153089135473e+01,
       -5.3152885938963674e+00, 5.8015954830434904e+00,
       4.7542869254007144e+01, -5.4536023916022636e+00,
       6.1261021118849008e+00, 4.8517735104939561e+01,
       -5.5464317129773457e+00, 6.3286343063105139e+00,
       4.9442546761573027e+01, -5.7019827316387071e+00,
       6.6758046972545992e+00, 5.0418754831320690e+01,
       -5.8732220923284126e+00, 6.8088268228958579e+00,
       5.1355899433149489e+01, -6.0260921506230094e+00,
       7.1224998063358429e+00, 5.2289794281374974e+01,
       -6.1793334384591949e+00, 7.4455439521738427e+00,
       5.3226520347084715e+01, -6.3253026412221534e+00,
       7.7637219992869158e+00, 5.4164896884982106e+01,
       -6.4829522631630363e+00, 8.0712867401555819e+00,
       5.5096795634941422e+01, -6.6325736102046626e+00,
       8.4017079445806413e+00, 5.6039014589467563e+01,
       -6.7880142340974894e+00, 8.6984597839607414e+00,
       5.7004125461298230e+01, -6.9102177790280042e+00,
       8.9300354706825313e+00, 5.7925176851119431e+01,
       -7.0726638689968473e+00, 9.2839784112284036e+00,
       5.8883618984362045e+01, -7.1962439336319646e+00,
       9.5411099823163035e+00, 5.9835043489529845e+01,
       -7.3349234123767104e+00, 9.8159907076159971e+00,
       6.0791722733952575e+01, -7.4615169760026330e+00,
       1.0078171738469194e+01, 6.1755592439810201e+01,
       -7.5993094412866160e+00, 1.0306137583807690e+01,
       6.2719527447362331e+01, -7.7216273923698084e+00,
       1.0542500905958754e+01, 6.3644160768560475e+01,
       -7.8738795808901756e+00, 1.0891603315605053e+01,
       6.4586673974765532e+01, -8.0082953573346227e+00,
       1.1197546537742610e+01, 6.5555678676787267e+01,
       -8.1012221083487255e+00, 1.1426445000834287e+01,
       6.6521288443803485e+01, -8.2313716672517003e+00,
       1.1651520255272080e+01, 6.7413951132734795e+01,
       -8.4094168421524618e+00, 1.2065589379313568e+01,
       6.8386837691020688e+01, -8.4708366766706717e+00,
       1.2288567738430281e+01, 6.9280852375299261e+01,
       -8.6402211904503510e+00, 1.2703352780091489e+01,
       7.0185453131016772e+01, -8.8348281580730674e+00,
       1.3082596238714029e+01, 7.1138814687633698e+01,
       -9.0226250372717463e+00, 1.3318888588417087e+01,
       7.2066194949303394e+01, -9.1889087323792307e+00,
       1.3654023759664236e+01, 7.2959631366810029e+01,
       -9.3534953992195771e+00, 1.4071974231576029e+01,
       7.3834892313364790e+01, -9.5177727114213244e+00,
       1.4526871187085542e+01, 7.4786518360625095e+01,
       -9.6689996634972104e+00, 1.4794337587109114e+01,
       7.5683270648722655e+01, -9.8437241133339874e+00,
       1.5200916854191211e+01, 7.6610786181931672e+01,
       -1.0006086749918033e+01, 1.5537596687114810e+01,
       7.7531484337645921e+01, -1.0169383448766043e+01,
       1.5892066846944559e+01, 7.8460281912337337e+01,
       -1.0324945445073929e+01, 1.6228423102352483e+01,
       7.9398064147409883e+01, -1.0486039984117614e+01,
       1.6536015412192366e+01, 8.0339995416282107e+01,
       -1.0628938203404591e+01, 1.6839899573749641e+01,
