%YAML:1.0
---
Trayectoria_ODOV: !!opencv-matrix
   rows: 164
   cols: 1
   dt: d
   data: [ 0., 0., 4.3312067569548085e-04, -9.8483054734904485e-01,
       9.1613227791024904e-03, -1.9731643492348776e+00,
       7.0286948018231515e-02, -2.9506599429427420e+00,
       1.3678189254458489e-01, -3.9193667059287449e+00,
       3.4553455258025262e-01, -4.8717636399300952e+00,
       -3.0209331052923577e-01, -5.6386542750402331e+00,
       -2.6840593289451697e-01, -6.6225047192442519e+00,
       -3.5444264507261347e-01, -7.6043744102180240e+00,
       -3.7905404320153213e-01, -8.5978545539549067e+00,
       -7.5929271219441197e-01, -9.5100782096335088e+00,
       -1.0218873025425548e+00, -1.0452582383864272e+01,
       -1.1867060794966111e+00, -1.1415610334542359e+01,
       -1.2325503594912279e+00, -1.2405702144402564e+01,
       -1.3034778156407782e+00, -1.3392305581430607e+01,
       -1.2874986658864596e+00, -1.4381985308088385e+01,
       -1.2989655252219445e+00, -1.5353987518243970e+01,
       -1.3165489646636006e+00, -1.6341873615018152e+01,
       -1.3609334006067342e+00, -1.7327802963666130e+01,
       -1.5757714578582678e+00, -1.8304109546863405e+01,
       -1.6688996334472472e+00, -1.9301190914152865e+01,
       -1.9612479415577275e+00, -2.0235627029140950e+01,
       -2.1220624569811717e+00, -2.1208278157613293e+01,
       -2.8313066674747294e+00, -2.1634351245482957e+01,
       -2.8850610276617785e+00, -2.2625794435511782e+01,
       -2.8257697194387346e+00, -2.3617021798142641e+01,
       -2.7767821617964614e+00, -2.4596546618213562e+01,
       -2.8950230956861258e+00, -2.5572518111132148e+01,
       -2.9307955505537029e+00, -2.6549257292750926e+01,
       -2.9489984909116997e+00, -2.7543166554608160e+01,
       -2.9960587541392818e+00, -2.8529112870983184e+01,
       -3.1096380814108668e+00, -2.9532605675536960e+01,
       -4.0886252636591740e+00, -2.9727874226081813e+01,
       -4.2320111884090421e+00, -3.0704958203199517e+01,
       -4.3104653297807767e+00, -3.1700322801052494e+01,
       -4.3339418456551142e+00, -3.2694829014635204e+01,
       -4.3947630507839683e+00, -3.3687572304475090e+01,
       -3.5354468996830577e+00, -3.4072086934678083e+01,
       -3.5287058377111227e+00, -3.5037834450453808e+01,
       -3.7572676427573812e+00, -3.6046322144465805e+01,
       -3.9846467688135103e+00, -3.7042828679309245e+01,
       -3.9401309662547499e+00, -3.8072850235196221e+01,
       -4.0795785839250529e+00, -3.9083744197010233e+01,
       -4.1989971281382967e+00, -4.0094948459301193e+01,
       -4.4067082761022931e+00, -4.1107776772638772e+01,
       -4.3330965606330896e+00, -4.2128912816726952e+01,
       -4.1123483079188414e+00, -4.3129672390306020e+01,
       -4.3200302405012234e+00, -4.4143136241951495e+01,
       -4.9759735503132605e+00, -4.4916584725395175e+01,
       -5.0776743221112142e+00, -4.5944605810410479e+01,
       -5.2918399366893301e+00, -4.6955555815702240e+01,
       -5.5836784152053625e+00, -4.7953044435696007e+01,
       -5.6913325168590037e+00, -4.8987669351746078e+01,
       -6.1245090489017988e+00, -4.9921468929838944e+01,
       -6.5451273201120284e+00, -5.0855563692212563e+01,
       -6.7018796153748390e+00, -5.1900827913236668e+01,
       -6.7208928092689133e+00, -5.2936521863133748e+01,
       -7.1806619278841790e+00, -5.3836240032025692e+01,
       -7.3923150881489823e+00, -5.4871130765035190e+01,
       -8.3092208952133273e+00, -5.5262269774797396e+01,
       -8.7793337072725617e+00, -5.6183396567262797e+01,
       -9.1012017158803733e+00, -5.7159002749306815e+01,
       -9.5188277348189718e+00, -5.8083059519506158e+01,
       -9.8478241066160557e+00, -5.9032329302040317e+01,
       -1.0242493314790392e+01, -5.9957264011554919e+01,
       -1.0492901456188392e+01, -6.0917095931740555e+01,
       -1.1359844066755860e+01, -6.0781814551132278e+01,
       -1.1851899613689289e+01, -6.1567246040126570e+01,
       -1.2749269380865194e+01, -6.1370563330069963e+01,
       -1.3351524476190242e+01, -6.2104666363982687e+01,
       -1.4002778129495569e+01, -6.2751670755738736e+01,
       -1.4873294464150653e+01, -6.2730733310610340e+01,
       -1.5673648912758701e+01, -6.2385002884806966e+01,
       -1.6431691606681660e+01, -6.2357387254228968e+01,
       -1.7061625700905857e+01, -6.2942483557424417e+01,
       -1.7634588240488736e+01, -6.3601229193881608e+01,
       -1.8321621937641737e+01, -6.4077264925889224e+01,
       -1.9048106748958798e+01, -6.4461013395089338e+01,
       -1.9763949197749561e+01, -6.4805429396759720e+01,
       -2.0468807691258881e+01, -6.4430206823787003e+01,
       -2.1186784162147504e+01, -6.4762788258846228e+01,
       -2.1880703060960766e+01, -6.5003393950954418e+01 ]
