%YAML:1.0
---
Trayectoria_ODOV: !!opencv-matrix
   rows: 164
   cols: 1
   dt: d
   data: [ 0., 0., -2.5781954638272442e-01, -9.6139666572869331e-01,
       -2.4514106178408146e-01, -1.9517300382368536e+00,
       -3.0032596886158602e-01, -2.9313191974365838e+00,
       -3.0653888591700668e-01, -3.9026479577674555e+00,
       -2.3439488480961468e-01, -4.8794530654310542e+00,
       -6.2582913866688994e-01, -5.7888362913804743e+00,
       -8.7077716635346913e-01, -6.7461057897287287e+00,
       -1.1290770845131828e+00, -7.6969254457241600e+00,
       -1.4429806677718986e+00, -8.6362611251392707e+00,
       -1.7377336546097424e+00, -9.5718335527462450e+00,
       -1.9465931132440077e+00, -1.0528871585201196e+01,
       -2.2166584930399900e+00, -1.1460340180354743e+01,
       -2.4224647408224689e+00, -1.2420245598566915e+01,
       -2.5970777277248613e+00, -1.3381561173488889e+01,
       -2.6718391894754703e+00, -1.4363786162450372e+01,
       -2.8171525731446856e+00, -1.5325412554719229e+01,
       -3.0786994024242720e+00, -1.6281051048392062e+01,
       -3.1931592742228041e+00, -1.7246116435039930e+01,
       -3.5359521222649293e+00, -1.8178206066476235e+01,
       -3.8778148204359901e+00, -1.9110924086094382e+01,
       -4.6074109060635777e+00, -1.9787158730507386e+01,
       -4.8851210980486703e+00, -2.0719299046049631e+01,
       -5.4208729228606005e+00, -2.1512369460172209e+01,
       -5.7868787025679946e+00, -2.2414725357778906e+01,
       -5.8321987647183491e+00, -2.3380566136378249e+01,
       -5.9343864999354867e+00, -2.4343098585190429e+01,
       -6.1162459669262699e+00, -2.5294440273144755e+01,
       -6.3180831138985498e+00, -2.6236006842180316e+01,
       -6.4794775714036748e+00, -2.7205104926478185e+01,
       -6.6789213858949363e+00, -2.8157471217348331e+01,
       -6.9400627551150356e+00, -2.9121374524511985e+01,
       -7.1818413062864828e+00, -3.0076878052122645e+01,
       -7.3788331846544475e+00, -3.1029976430480570e+01,
       -7.8061062358552746e+00, -3.1919041876400101e+01,
       -7.8107573914407897e+00, -3.2907541326289426e+01,
       -8.0689892135433237e+00, -3.3839996362658731e+01,
       -8.2816290254284812e+00, -3.4789655784155158e+01,
       -8.3367623218616433e+00, -3.5756509152814168e+01,
       -8.3850293632932313e+00, -3.6734314608659602e+01,
       -8.7946673019543304e+00, -3.7642275318870745e+01,
       -8.9404914268494693e+00, -3.8630856833363545e+01,
       -9.3195105571649925e+00, -3.9552260701886105e+01,
       -9.6093899986379014e+00, -4.0488851558934009e+01,
       -9.9108555901859035e+00, -4.1436414515887606e+01,
       -1.0001005708733427e+01, -4.2428560570152293e+01,
       -9.9644484089361960e+00, -4.3428685901145244e+01,
       -1.0289277587501124e+01, -4.4378303905093524e+01,
       -1.0170811411685586e+01, -4.5220591809934696e+01,
       -1.0555305296125477e+01, -4.6141697948672963e+01,
       -1.0929382578439501e+01, -4.7051198887648503e+01,
       -1.1860495661069685e+01, -4.7458235459529959e+01,
       -1.2829863059064140e+01, -4.7727346788566223e+01,
       -1.3426913952438774e+01, -4.8530794596064766e+01,
       -1.4044143221822369e+01, -4.9341250374311528e+01,
       -1.4440155827027461e+01, -5.0304389144675760e+01,
       -1.5310746098307956e+01, -5.0704254303970757e+01,
       -1.6163492084714871e+01, -5.1237349576156070e+01,
       -1.6597883282319312e+01, -5.2180208240992961e+01,
       -1.7493869839688784e+01, -5.2458025028537570e+01,
       -1.8057155594781968e+01, -5.3333946645527760e+01,
       -1.8944410523519782e+01, -5.3159240244329645e+01,
       -1.9810609555186602e+01, -5.3476304306089212e+01,
       -2.0531872370797892e+01, -5.4060368281628513e+01,
       -2.1103149723913507e+01, -5.4860095411881417e+01,
       -2.1693748932935222e+01, -5.5610287165730455e+01,
       -2.2290336480363049e+01, -5.6325368745571858e+01,
       -2.3023903800521925e+01, -5.6897406957606762e+01,
       -2.3854578612365550e+01, -5.6496791800294545e+01,
       -2.4658623618067750e+01, -5.6969128847758974e+01,
       -2.5474158152906487e+01, -5.6594855927504163e+01,
       -2.6301463025814350e+01, -5.6355179385815120e+01,
       -2.7087699314512388e+01, -5.6710706782827096e+01,
       -2.7860085915689030e+01, -5.7052876751796489e+01,
       -2.8605896506472895e+01, -5.7461891415551626e+01,
       -2.9317832487691277e+01, -5.7919234900352492e+01,
       -2.9924958649854425e+01, -5.7305823185571569e+01,
       -3.0712685389463228e+01, -5.7551252331741729e+01,
       -3.1506416520720474e+01, -5.7694273465209591e+01,
       -3.2238442466924575e+01, -5.7445523281837453e+01,
       -3.2496340279122492e+01, -5.6576776218541703e+01,
       -3.3218637896047447e+01, -5.6948141822478163e+01 ]
