%YAML:1.0
---
Trayectoria_ODOV: !!opencv-matrix
   rows: 164
   cols: 1
   dt: d
   data: [ 0., 0., 8.1569571171617936e-02, -9.8852804903074065e-01,
       2.2160880963653601e-01, -1.9665149680383027e+00,
       2.1860218707821683e-01, -2.9491902461191701e+00,
       3.6842003312201915e-01, -3.9082288951694282e+00,
       5.8386810311628268e-01, -4.8559390961584850e+00,
       4.4858101513522952e-01, -5.8369901011127832e+00,
       3.6726613087106169e-01, -6.8241944893790931e+00,
       2.4580769466323121e-01, -7.8005687742402641e+00,
       1.3291539538609801e-01, -8.7812258150232001e+00,
       -1.8319322742426397e-02, -9.7495989085616550e+00,
       -8.8034662264637215e-02, -1.0730043799869986e+01,
       -2.6086208693094859e-01, -1.1691594236613261e+01,
       -3.3037225911576512e-01, -1.2667290414781226e+01,
       -3.4489475847792689e-01, -1.3654254966729567e+01,
       -3.0677830440647297e-01, -1.4644906471960178e+01,
       -2.1313234042580093e-01, -1.5609541563587458e+01,
       -5.9602476680914146e-02, -1.6578843992827078e+01,
       -3.3607855356333954e-02, -1.7556425179937847e+01,
       -2.3615528324065482e-01, -1.8527633307533804e+01,
       5.6184220271928298e-01, -1.9120121628139856e+01,
       3.1368065107227705e-01, -2.0054547153138738e+01,
       1.0782653432208087e+00, -2.0670201603123996e+01,
       9.7734607351347336e-01, -2.1623137540518716e+01,
       9.2629804223460899e-01, -2.2600620115921824e+01,
       1.1583135009307810e+00, -2.3550397093361859e+01,
       1.2251160327722632e+00, -2.4520524516849584e+01,
       1.2977629009472882e+00, -2.5481670453583114e+01,
       1.3448423673403127e+00, -2.6455355344549787e+01,
       1.1678345491227480e+00, -2.7422173418011571e+01,
       1.1891377439591078e+00, -2.8403091477618034e+01,
       1.1579283852834006e+00, -2.9396300782258329e+01,
       1.0423998962981327e+00, -3.0369033598642851e+01,
       9.4751479557395613e-01, -3.1330355561650411e+01,
       8.5999084126758829e-01, -3.2300104268792040e+01,
       8.7490491518469282e-01, -3.3285083281611058e+01,
       9.2594602634575529e-01, -3.4267161117837198e+01,
       7.8418852547607720e-01, -3.5228655182775661e+01,
       7.8964134012221521e-01, -3.6200752996083224e+01,
       7.3883437426354193e-01, -3.7195150111365322e+01,
       6.0373076862474984e-01, -3.8171950518661333e+01,
       5.8776217766320271e-01, -3.9179601589995734e+01,
       4.0739699354466741e-01, -4.0158393116675867e+01,
       2.0068517376158335e-01, -4.1122199493553516e+01,
       2.0203037574221361e-01, -4.2110347470145818e+01,
       2.4475373296806166e-01, -4.3104703036138872e+01,
       4.3586983345989794e-01, -4.4086103036135803e+01,
       3.4465929008988283e-01, -4.5089690393197046e+01,
       7.8596931415543070e-01, -4.5978770735236736e+01,
       6.3884858626819763e-01, -4.6982661427653355e+01,
       4.3318385925726943e-01, -4.7965670361236846e+01,
       1.6367421779190955e-01, -4.8953146364129374e+01,
       6.7155750966220090e-02, -4.9973277704964268e+01,
       -5.8923167870810800e-01, -5.0730568427461769e+01,
       -1.0471930095232942e+00, -5.1619170735299903e+01,
       -1.0867190998513334e+00, -5.2647157446391901e+01,
       -1.0657853874087437e+00, -5.3667485037871160e+01,
       -1.8378521281446549e+00, -5.4292575747932318e+01,
       -2.7289250768061888e+00, -5.4715785855544233e+01,
       -3.0889288901000294e+00, -5.5671298514687926e+01,
       -3.4610142069341352e+00, -5.6610246979677335e+01,
       -3.7283971270951906e+00, -5.7579376746586760e+01,
       -4.6462046950138678e+00, -5.7745618090209945e+01,
       -5.0148544852852064e+00, -5.8657115303042509e+01,
       -5.3712711908370734e+00, -5.9577483171342358e+01,
       -5.5718190774845056e+00, -6.0525933445580399e+01,
       -6.4817621525166862e+00, -6.0449131053270698e+01,
       -7.3891635487228573e+00, -6.0338103289957900e+01,
       -8.2698171453599905e+00, -6.0072967752704415e+01,
       -8.9303055837653229e+00, -6.0703068593756534e+01,
       -9.7294114223645654e+00, -6.0240170426056046e+01,
       -1.0479586080419926e+01, -6.0624639905639356e+01,
       -1.1144022026845237e+01, -6.1165021099252250e+01,
       -1.1816477427088294e+01, -6.0815444561829615e+01,
       -1.2461519777385496e+01, -6.1301039712477525e+01,
       -1.3088350800401269e+01, -6.1813608249380565e+01,
       -1.3767148492625779e+01, -6.2199295086654764e+01,
       -1.4470116862643684e+01, -6.2532292807730698e+01,
       -1.5197704708333696e+01, -6.2720881694257301e+01,
       -1.5903104563904700e+01, -6.2904444571820612e+01,
       -1.6579051170112663e+01, -6.3172484047929871e+01,
       -1.7226631024101909e+01, -6.3343378158843279e+01 ]
