%YAML:1.0
---
Trayectoria_ODOV: !!opencv-matrix
   rows: 904
   cols: 1
   dt: d
   data: [ 0., 0., -5.2595622954811874e-04, -9.5908138013662891e-01,
       -1.1213408953783571e-02, -1.9234396873413773e+00,
       -3.8504290926690679e-02, -2.8964335470200879e+00,
       -7.1631274508384746e-02, -3.8776765203205277e+00,
       -1.1370032891138279e-01, -4.8607365768710293e+00,
       -1.4616253237688898e-01, -5.8435869578019002e+00,
       -1.7540973838156426e-01, -6.8318577818110411e+00,
       -2.7248026443137363e-01, -7.8404361659292974e+00,
       -3.2064089879584390e-01, -8.8964597448766156e+00,
       -3.6681522804080419e-01, -9.9380063890990726e+00,
       -4.2826389705453516e-01, -1.0983060946006550e+01,
       -4.9789456574482016e-01, -1.2017813470182134e+01,
       -5.6284008002693409e-01, -1.3058372957162781e+01,
       -6.0001648618342918e-01, -1.4089941317163051e+01,
       -6.3622202288469842e-01, -1.5122391227175424e+01,
       -7.7499339785891042e-01, -1.6135895006852852e+01,
       -8.0735988995300434e-01, -1.7147906426361800e+01,
       -8.2857678739701346e-01, -1.8154474350298514e+01,
       -8.4519177517222466e-01, -1.9159175899833244e+01,
       -9.1470118670166300e-01, -2.0159248879513495e+01,
       -9.9493716235360752e-01, -2.1149819053261844e+01,
       -1.0204091870449359e+00, -2.2132115253373755e+01,
       -1.0936032714902293e+00, -2.3113897301141151e+01,
       -1.1120567214483414e+00, -2.4096483099884839e+01,
       -1.1250944581080577e+00, -2.5076879138092291e+01,
       -1.1721164865784699e+00, -2.6052020836262734e+01,
       -1.2118570781354934e+00, -2.7020968367526553e+01,
       -1.2314245274705047e+00, -2.7989888981935426e+01,
       -1.2708211566365817e+00, -2.8953983858918761e+01,
       -1.3157798301748787e+00, -2.9922691266935004e+01,
       -1.3094113269085397e+00, -3.0894419399804789e+01,
       -1.3452936376788951e+00, -3.1858486717670051e+01,
       -1.3750010366724701e+00, -3.2812548983443186e+01,
       -1.4578864024055123e+00, -3.3744553053938297e+01,
       -1.5190420078271110e+00, -3.4661618804413536e+01,
       -1.5571211259106545e+00, -3.5573509005551635e+01,
       -1.5917997061181659e+00, -3.6473634743877085e+01,
       -1.6248470575758203e+00, -3.7358707841961007e+01,
       -1.6505310101485742e+00, -3.8230350185370071e+01,
       -1.6684695825275058e+00, -3.9089035049982648e+01,
       -1.6862976490594028e+00, -3.9935770258268441e+01,
       -1.7311380364529050e+00, -4.0766524007329274e+01,
       -1.7552953699519120e+00, -4.1587346866811181e+01,
       -1.8004890758385428e+00, -4.2396039476001228e+01,
       -1.8409823471156312e+00, -4.3196454086463469e+01,
       -1.8769617257244040e+00, -4.3980013913602470e+01,
       -1.8819473355470528e+00, -4.4741850370214308e+01,
       -1.8650409936719017e+00, -4.5479765714836184e+01,
       -1.8588961761660354e+00, -4.6196070103343601e+01,
       -1.8571656809847117e+00, -4.6890679902403285e+01,
       -1.8577019460225030e+00, -4.7566474229789932e+01,
       -1.8766786551095891e+00, -4.8222832664981190e+01,
       -1.8799993536805086e+00, -4.8855846677415983e+01,
       -1.8540998289900923e+00, -4.9467227364330512e+01,
       -1.8867636992015933e+00, -5.0059601356344480e+01,
       -1.8802369414420992e+00, -5.0638602672151883e+01,
       -1.8853990891623171e+00, -5.1205182649865193e+01,
       -1.8908268178165502e+00, -5.1756619698014291e+01,
       -1.8893397539250036e+00, -5.2297596114664820e+01,
       -1.9446177097061006e+00, -5.2825548464862244e+01,
       -1.9520447354607957e+00, -5.3337746824998518e+01,
       -1.9534381593857471e+00, -5.3838449711615837e+01,
       -1.9673879894622353e+00, -5.4325570421716982e+01,
       -1.9789661518041095e+00, -5.4798519374868974e+01,
       -1.9982790014811862e+00, -5.5257089955142966e+01,
       -1.9458580908413872e+00, -5.5709906189008002e+01,
       -1.9641691128912699e+00, -5.6160387380865195e+01,
       -1.9433316683453605e+00, -5.6598362393807363e+01,
       -1.9001005000662192e+00, -5.7034794258418152e+01,
       -1.8291118931597490e+00, -5.7463049570726902e+01,
       -1.7636952588119854e+00, -5.7870794775087163e+01,
       -1.6556536497940888e+00, -5.8275293529553487e+01,
       -1.5606027897462778e+00, -5.8661126123156023e+01,
       -1.4286795809443367e+00, -5.9042439900024654e+01,
       -1.2338570280934400e+00, -5.9388754155667236e+01,
       -1.0793945762487656e+00, -5.9734038579626429e+01,
       -9.2807808182163343e-01, -6.0088076246312916e+01,
       -7.4016078660466189e-01, -6.0409692635754539e+01,
       -5.3814737279136216e-01, -6.0739823045370926e+01,
       -3.1368378660254731e-01, -6.1051642552747538e+01,
       -9.1229254203064103e-02, -6.1355264364183043e+01,
       1.3674593772398869e-01, -6.1650760444636468e+01,
       3.7202816327912180e-01, -6.1937235578220054e+01,
       6.5244961315868899e-01, -6.2197380277250637e+01,
       9.2266619724289944e-01, -6.2468145923091228e+01,
       1.1923255859413466e+00, -6.2734158929194187e+01,
       1.4657610470169140e+00, -6.3009785415951676e+01,
       1.7545391848479981e+00, -6.3258216465334890e+01,
       2.0541378014760228e+00, -6.3494170154945039e+01,
       2.3708815220574371e+00, -6.3709018144747830e+01,
       2.6990247165423735e+00, -6.3920888644782146e+01,
       3.0414148306861968e+00, -6.4133046934695273e+01,
       3.3865299051905335e+00, -6.4353837279539277e+01,
       3.7501869998831130e+00, -6.4564047695007801e+01,
       4.1145448470154342e+00, -6.4775098311580180e+01,
       4.5114524759588361e+00, -6.4962605765434176e+01,
       4.9219125124577277e+00, -6.5163686903150492e+01,
       5.3343026409731271e+00, -6.5379243607527386e+01,
       5.7661254393929111e+00, -6.5583602676598716e+01,
       6.2044918005053988e+00, -6.5798151204651248e+01,
       6.6560115139171847e+00, -6.6020373243955831e+01,
       7.1196876346742810e+00, -6.6245651070178823e+01,
       7.5988164614428539e+00, -6.6473402156025998e+01,
       8.1085878809385328e+00, -6.6666532281668580e+01,
       8.6231072200857977e+00, -6.6902971944024188e+01,
       9.1528734207523801e+00, -6.7147704051061424e+01,
       9.7013590066841910e+00, -6.7387104255476004e+01,
       1.0260983495971258e+01, -6.7647061422216694e+01,
       1.0836099442533866e+01, -6.7907295922074610e+01,
       1.1428501539693062e+01, -6.8168851953318864e+01,
       1.2025469939443312e+01, -6.8441859222741002e+01,
       1.2644160594998308e+01, -6.8711706343580417e+01,
       1.3269362399230134e+01, -6.9001342521157412e+01,
       1.3906267364152971e+01, -6.9296422059324144e+01,
       1.4564274722590870e+01, -6.9590357301020234e+01,
       1.5220717603032373e+01, -6.9911956351155595e+01,
       1.5911659577672220e+01, -7.0201077895859967e+01,
       1.6598221381652202e+01, -7.0522418004829660e+01,
       1.7285438430399413e+01, -7.0861857029522312e+01,
       1.7994310259549685e+01, -7.1159256004328540e+01,
       1.8699646047868924e+01, -7.1477351940947685e+01,
       1.9425574320766845e+01, -7.1766044986540365e+01,
       2.0155037236438321e+01, -7.2070647353855108e+01,
       2.0890808153926386e+01, -7.2370421247832013e+01,
       2.1615983897574317e+01, -7.2695269605971873e+01,
       2.2341593120504189e+01, -7.3020901678932148e+01,
       2.3071649177601291e+01, -7.3334459392315239e+01,
       2.3800230709034992e+01, -7.3651990789141180e+01,
       2.4535237292862170e+01, -7.3952106708028765e+01,
       2.5262304906807543e+01, -7.4274069154506080e+01,
       2.5990078494699375e+01, -7.4599884256944009e+01,
       2.6732469510831059e+01, -7.4900413188126365e+01,
       2.7475869687551189e+01, -7.5204490024139332e+01,
       2.8218398931561147e+01, -7.5496529810682091e+01,
       2.8948073136569118e+01, -7.5805150681443664e+01,
       2.9682688639730980e+01, -7.6101807579559917e+01,
       3.0404711387360233e+01, -7.6414083413735270e+01,
       3.1130138091012178e+01, -7.6700712828136645e+01,
       3.1857496158264045e+01, -7.6986269638094058e+01,
