%YAML:1.0
---
Trayectoria_ODOV: !!opencv-matrix
   rows: 164
   cols: 1
   dt: d
   data: [ 0., 0., -1.9729292121046649e-01, -9.6223619684766715e-01,
       -2.6864967849513299e-01, -1.9372187367807245e+00,
       -4.6517954926899130e-01, -2.8798911851545612e+00,
       -5.7567714779798673e-01, -3.8388548077771043e+00,
       -5.3628649270617634e-01, -4.8146877184793615e+00,
       -7.4086266688881985e-01, -5.7801367123032410e+00,
       -1.0457061810636601e+00, -6.7266296841061566e+00,
       -1.3463698357150264e+00, -7.6643321610929824e+00,
       -1.6465393872828895e+00, -8.5968614834400015e+00,
       -2.0051411285695715e+00, -9.5022111075963434e+00,
       -2.3538455259557245e+00, -1.0417815397257721e+01,
       -2.8112932313207568e+00, -1.1278971764153299e+01,
       -3.0669679871945923e+00, -1.2223739134959338e+01,
       -3.1846567359715579e+00, -1.3196593007513131e+01,
       -3.4078269092626714e+00, -1.4151962124860535e+01,
       -3.6278183266546060e+00, -1.5101669015345115e+01,
       -3.8156892358015595e+00, -1.6070417232378023e+01,
       -4.0645819304741373e+00, -1.7017839839351836e+01,
       -4.4897374569242379e+00, -1.7906856248732673e+01,
       -3.8168591210126457e+00, -1.8614722049683369e+01,
       -4.1839112517787616e+00, -1.9518846100931675e+01,
       -4.4377337896716469e+00, -2.0459412033095035e+01,
       -4.8237483729144373e+00, -2.1315645461047112e+01,
       -5.2365912394973577e+00, -2.2189039226198553e+01,
       -5.4275886846387120e+00, -2.3133374263815231e+01,
       -5.5307827569500345e+00, -2.4083438563901080e+01,
       -5.7504844803806643e+00, -2.5011708755134052e+01,
       -5.9469025305158736e+00, -2.5956281393031912e+01,
       -6.3288376910916506e+00, -2.6858661180190829e+01,
       -5.8895337435866821e+00, -2.7724933742057061e+01,
       -6.1749430724100547e+00, -2.8671691618228607e+01,
       -6.5078747988363324e+00, -2.9594235731773797e+01,
       -6.7689294227843870e+00, -3.0524864189663479e+01,
       -6.9681403296705637e+00, -3.1477061432540847e+01,
       -7.0802719048796146e+00, -3.2452927039975819e+01,
       -7.1638534565597487e+00, -3.3425441141011881e+01,
       -7.9927373398791222e+00, -3.3875669890187361e+01,
       -8.2722578579141892e+00, -3.4803453099610010e+01,
       -8.1467696299264905e+00, -3.5789417437455050e+01,
       -8.5137908445434736e+00, -3.6694352445457412e+01,
       -8.6857198432370311e+00, -3.7689009343031429e+01,
       -9.0657438109508188e+00, -3.8621302184095867e+01,
       -9.3128058685018953e+00, -3.9572749642519696e+01,
       -9.6249899384682305e+00, -4.0523382599321423e+01,
       -9.8299977465708857e+00, -4.1501832799074982e+01,
       -9.9427994472648926e+00, -4.2505811847306397e+01,
       -1.0289269549821107e+01, -4.3436089877088257e+01,
       -1.1155449011086478e+01, -4.3859837567623650e+01,
       -1.1620158025851104e+01, -4.4729283155762474e+01,
       -1.2109389061312498e+01, -4.5636007630989418e+01,
       -1.2373001762539040e+01, -4.6617712701914883e+01,
       -1.3322141819932259e+01, -4.6873603327077589e+01,
       -1.3822322599427030e+01, -4.7735895802895151e+01,
       -1.4588143720146473e+01, -4.8370071722786072e+01,
       -1.4856620863842091e+01, -4.9326424002812132e+01,
       -1.5216641918229476e+01, -5.0249607075107740e+01,
       -1.6079322152367975e+01, -5.0692223689810142e+01,
       -1.6523949897266245e+01, -5.1592736574707644e+01,
       -1.7466043249124013e+01, -5.1722089564793272e+01,
       -1.8108588345408208e+01, -5.2482335921059530e+01,
       -1.8775637208626581e+01, -5.3182513892434741e+01,
       -1.9667150259864879e+01, -5.3122020668771647e+01,
       -2.0212967172098377e+01, -5.3919450781418384e+01,
       -2.0757620988202401e+01, -5.4709290243736341e+01,
       -2.1300581611603235e+01, -5.5471773485447876e+01,
       -2.1874991260569644e+01, -5.6200024554546196e+01,
       -2.2765640832060708e+01, -5.6080032037952321e+01,
       -2.3568852973983539e+01, -5.5664307067991956e+01,
       -2.4338040014402761e+01, -5.5186287505067511e+01,
       -2.5141670430000151e+01, -5.4886991690482368e+01,
       -2.5855543031335756e+01, -5.4414100922052604e+01,
       -2.6638594893429289e+01, -5.4657857651418489e+01,
       -2.7401874175496349e+01, -5.4922061882219381e+01,
       -2.8150194885034722e+01, -5.5278950797642956e+01,
       -2.8880123748607708e+01, -5.5693541341936744e+01,
       -2.9645668658473745e+01, -5.5971301554491077e+01,
       -3.0433709826441817e+01, -5.6154164814694091e+01,
       -3.1220732808680435e+01, -5.6240360418186704e+01,
       -3.1977533054746857e+01, -5.6178702479153465e+01,
       -3.2728298998682781e+01, -5.6205700657875717e+01,
       -3.3464798849663637e+01, -5.6281624290485581e+01 ]
