%YAML:1.0
---
Trayectoria: !!opencv-matrix
   rows: 14
   cols: 3
   dt: d
   data: [ 0., 0., 0., 9.7234372884325529e-02, 6.3345549478246624e-02,
       -9.5701572764249920e-01, 1.7437046045185561e-01,
       1.0385921170745946e-01, -1.9169247012788264e+00,
       2.4867781694506907e-01, 1.7701598106266903e-01,
       -2.8653541934549707e+00, 3.1996545586492259e-01,
       2.4795520145286037e-01, -3.8033534785547340e+00,
       3.7569510651663102e-01, 3.3384317262761071e-01,
       -4.7247177399230180e+00, 4.3675279488563234e-01,
       4.0485252725454496e-01, -5.6370648751443113e+00,
       5.5306729207853955e-01, 4.5845825698844367e-01,
       -6.5413949823968887e+00, 6.2220464767479500e-01,
       5.1605074255636973e-01, -7.4378629119918420e+00,
       7.0556996344762668e-01, 5.7483486604004952e-01,
       -8.3173033307220479e+00, 7.8097657844416424e-01,
       6.1711331183435048e-01, -9.1843389971810350e+00,
       8.5213800784238969e-01, 6.7208668700625485e-01,
       -1.0037253551340589e+01, 9.4192465555647964e-01,
       7.3163351389375719e-01, -1.0876006080510491e+01,
       1.0076941198546250e+00, 7.9055297707060324e-01,
       -1.1702621681638897e+01 ]
