%YAML:1.0
---
Trayectoria: !!opencv-matrix
   rows: 15
   cols: 3
   dt: d
   data: [ 0., 0., 0., 0., 0., 0., 8.3132846398143473e-02,
       3.6868966060319343e-02, -8.5403082064598590e-01,
       1.5960489063491703e-01, 7.7489826854167485e-02,
       -1.7096290495185791e+00, 2.2800356839197233e-01,
       1.1494253222348641e-01, -2.5650441632955192e+00,
       2.5800692690347898e-01, 1.6166755222646306e-01,
       -3.4232161564115557e+00, 3.4190247083523262e-01,
       2.0447115908230482e-01, -4.2769667711661317e+00,
       3.7330626669238048e-01, 2.4754261804744701e-01,
       -5.1353829672337890e+00, 4.0981347952184238e-01,
       2.8555469337083489e-01, -5.9927424546966872e+00,
       4.6560891441179442e-01, 3.3401277419718600e-01,
       -6.8493988398669998e+00, 5.1985557507755320e-01,
       3.9006568172886436e-01, -7.7059838896071291e+00,
       5.6598058948005836e-01, 4.3388236998194762e-01,
       -8.5622899538202404e+00, 6.2202198721560331e-01,
       4.6746266477797110e-01, -9.4197686571798158e+00,
       6.6086711850620505e-01, 5.0964691666263107e-01,
       -1.0277743129716871e+01, 6.9527045098638995e-01,
       5.5796879666251209e-01, -1.1134813811714444e+01 ]
