%YAML:1.0
---
Trayectoria_ODOV: !!opencv-matrix
   rows: 164
   cols: 1
   dt: d
   data: [ 0., 0., -5.4213295618641222e-01, -5.0102892217607753e-01,
       -8.4523946032095787e-01, -1.1610482241861766e+00,
       -1.1964321672471314e+00, -1.7970392640928994e+00,
       -1.0938246941657921e+00, -2.4304561730889218e+00,
       -1.3520505902495210e+00, -3.0814930819646120e+00,
       -2.0620054669698917e+00, -3.3643900031619278e+00,
       -2.6244807400827996e+00, -3.8821575767161249e+00,
       -3.0269193339602234e+00, -4.5190353248182094e+00,
       -3.4372367838735030e+00, -5.1431040071853928e+00,
       -4.0901152501612605e+00, -5.4511835298602023e+00,
       -4.5452926321154798e+00, -6.0334375339677022e+00,
       -5.0009679491907848e+00, -6.6107995907172832e+00,
       -5.3652003245009281e+00, -7.2420752813005027e+00,
       -5.8079324917494128e+00, -7.8249814498270318e+00,
       -6.1837691821950038e+00, -8.4646119123331456e+00,
       -6.5604981175431973e+00, -9.1037828738487327e+00,
       -7.1205464862316674e+00, -9.6203135642511732e+00,
       -7.6902424751921981e+00, -1.0101870142597944e+01,
       -8.3501563117293340e+00, -1.0481449538789944e+01,
       -7.7319005041921507e+00, -1.0879953223756727e+01,
       -8.0351680481881989e+00, -1.1571326979738608e+01,
       -8.0403764263657695e+00, -1.0836894753335782e+01,
       -8.6013045507763817e+00, -1.1310581298622562e+01,
       -9.0754867388460401e+00, -1.1875318833650210e+01,
       -9.2450986331306559e+00, -1.2583365542468432e+01,
       -9.6394279005142778e+00, -1.3202406883611909e+01,
       -1.0046820161448007e+01, -1.3806871887792276e+01,
       -1.0499115283372312e+01, -1.4377999134990592e+01,
       -1.0927637064553030e+01, -1.4987212544574874e+01,
       -1.1328383171062580e+01, -1.5624134375342342e+01,
       -1.1729278843016742e+01, -1.6268502554464352e+01,
       -1.2123367442318351e+01, -1.6902668357672290e+01,
       -1.2564908578878553e+01, -1.7505146935986236e+01,
       -1.2981292951928697e+01, -1.8121196581736427e+01,
       -1.3444987074830086e+01, -1.8653705031758424e+01,
       -1.3807158352511109e+01, -1.9310309406025901e+01,
       -1.4170847234545436e+01, -1.9957140365076437e+01,
       -1.4511966431533141e+01, -2.0621971316421462e+01,
       -1.5003885563390179e+01, -2.1224743076807012e+01,
       -1.5524604604347248e+01, -2.1785258899552908e+01,
       -1.5852223903542198e+01, -2.2478205243533157e+01,
       -1.6298299397841298e+01, -2.3087937813856801e+01,
       -1.6782036862569502e+01, -2.3676098637419535e+01,
       -1.7222992508564317e+01, -2.4311302390051203e+01,
       -1.7808309273781450e+01, -2.4786306662690482e+01,
       -1.8178725828820564e+01, -2.5461806378767271e+01,
       -1.8566278356096348e+01, -2.6138449237095720e+01,
       -1.8920973515837524e+01, -2.6839363416102827e+01,
       -1.9392963020304652e+01, -2.7445365947041417e+01,
       -1.9781242104650399e+01, -2.8128210256330028e+01,
       -2.0183289221327797e+01, -2.8823872036601927e+01,
       -2.0546697431417495e+01, -2.9521729596319894e+01,
       -2.0975332966346723e+01, -3.0170352641454105e+01,
       -2.1464653472877945e+01, -3.0780633006533602e+01,
       -2.1882590958365288e+01, -3.1435522820053095e+01,
       -2.2235441488290075e+01, -3.2093168454644669e+01,
       -2.2937542840246650e+01, -3.1993887791067351e+01,
       -2.3616292256231588e+01, -3.1798744441114206e+01,
       -2.4343148619022617e+01, -3.1836855072560926e+01,
       -2.5037387660283716e+01, -3.2050836247477932e+01,
       -2.5683688732361961e+01, -3.2343263972308876e+01,
       -2.6319649768029507e+01, -3.2075111818796920e+01,
       -2.6842917806800408e+01, -3.2476140869114616e+01,
       -2.7450669783347173e+01, -3.2746517039697338e+01,
       -2.7919725379379823e+01, -3.3227937990186135e+01,
       -2.8452199151194090e+01, -3.3567165714215434e+01,
       -2.9055459763546430e+01, -3.3315328800501135e+01,
       -2.9646016072460402e+01, -3.3485468068764092e+01,
       -3.0247123498860294e+01, -3.3639083506299272e+01,
       -3.0776407890598325e+01, -3.3291640715052175e+01,
       -3.1349596058764078e+01, -3.3337380400778351e+01,
       -3.1569546537644872e+01, -3.2698471716153549e+01,
       -3.2101678144936912e+01, -3.2672961800584041e+01,
       -3.2619087199282696e+01, -3.2740281299740964e+01,
       -3.3096316344545137e+01, -3.2707162752378110e+01,
       -3.3260756771856485e+01, -3.2100443842708742e+01,
       -3.3755901059347089e+01, -3.2061853032937222e+01,
       -3.4238200934463279e+01, -3.2002233452712531e+01,
       -3.4752832930887465e+01, -3.2107487865033328e+01,
       -3.5155489093612587e+01, -3.1934551240912260e+01,
       -3.5586251877950666e+01, -3.1915592080317708e+01 ]
