<?xml version="1.0"?>
<opencv_storage>
<calibration_time>"vie 08 jun 2018 13:41:08 -04"</calibration_time>
<nr_of_frames>50</nr_of_frames>
<image_width>640</image_width>
<image_height>480</image_height>
<board_width>9</board_width>
<board_height>6</board_height>
<square_size>50.</square_size>
<fix_aspect_ratio>1.</fix_aspect_ratio>
<!-- flags: +fix_aspectRatio +fix_principal_point +zero_tangent_dist +fix_k4 +fix_k5 -->
<flags>6158</flags>
<fisheye_model>0</fisheye_model>
<camera_matrix type_id="opencv-matrix">
  <rows>3</rows>
  <cols>3</cols>
  <dt>d</dt>
  <data>
    6.9973934949262184e+02 0. 320. 0. 6.9973934949262184e+02 240. 0. 0.
    1.</data></camera_matrix>
<distortion_coefficients type_id="opencv-matrix">
  <rows>5</rows>
  <cols>1</cols>
  <dt>d</dt>
  <data>
    2.0874000297986806e-01 -8.6606118148523903e-01 0. 0.
    1.6070959624057948e+00</data></distortion_coefficients>
<avg_reprojection_error>4.0478858717494537e-01</avg_reprojection_error>
<per_view_reprojection_errors type_id="opencv-matrix">
  <rows>50</rows>
  <cols>1</cols>
  <dt>f</dt>
  <data>
    3.93121988e-01 4.47199464e-01 4.00887132e-01 3.45685780e-01
    1.81113064e-01 1.55842766e-01 1.53069854e-01 3.20635796e-01
    5.06605387e-01 5.60781717e-01 7.28743255e-01 3.41438502e-01
    2.67469913e-01 2.72210360e-01 4.06197578e-01 5.24761140e-01
    4.41014796e-01 4.15196478e-01 2.90871888e-01 2.36187145e-01
    1.49960637e-01 2.27330744e-01 2.58630633e-01 2.48867661e-01
    2.49665156e-01 2.23209888e-01 1.76854566e-01 1.53103471e-01
    2.96714932e-01 3.41022968e-01 3.72885019e-01 3.57360989e-01
    3.69958311e-01 1.54750735e-01 4.04519975e-01 5.50577223e-01
    3.49205405e-01 4.08525556e-01 4.45772290e-01 7.09734261e-01
    2.17082575e-01 3.40272844e-01 5.42414606e-01 4.98216957e-01
    6.44095361e-01 5.78748226e-01 7.50977933e-01 6.09981656e-01
    3.58375311e-01 2.88309246e-01</data></per_view_reprojection_errors>
<!-- a set of 6-tuples (rotation vector + translation vector) for each view -->
<extrinsic_parameters type_id="opencv-matrix">
  <rows>50</rows>
  <cols>6</cols>
  <dt>d</dt>
  <data>
    1.9315710824164711e-01 -3.3949252287066650e-01
    9.3297086866653264e-02 -1.5420778799732443e+02
    -1.0247875234875532e+02 1.0665143700085953e+03
    1.9346123748862812e-01 -3.9983017909800722e-01
    1.0333451325031232e-01 -1.5631857520591478e+02
    -1.0453048824019302e+02 1.0635566087289728e+03
    1.8471938557904127e-01 -5.1062087042009330e-01
    1.0422651961660803e-01 -1.5964301938544733e+02
    -1.0429906931428056e+02 1.0408546872422676e+03
    1.5897811048892477e-01 -5.4017203404810488e-01
    1.0144144811869427e-01 -1.6440862871466044e+02
    -1.0360524798955855e+02 1.0547105345370405e+03
    1.5949391913748048e-01 -5.3375602396632582e-01
    9.7636204918039551e-02 -1.4388105470933394e+02
    -1.0322071372431945e+02 1.0725535017735281e+03
    1.7879798820351664e-01 -4.9774032167352894e-01
    9.0671903428696340e-02 -1.1598872009909772e+02
    -1.0532432308265577e+02 1.0705764033818116e+03
    1.9554482966859560e-01 -4.6868392789755364e-01
    8.5291304249653616e-02 -9.8951778926875164e+01
    -1.0482617990183221e+02 1.0683739122798163e+03
    2.2086279367607820e-01 -4.3601586100404821e-01
    7.3998658371794312e-02 -9.1102749111026355e+01
    -1.0190001895481056e+02 1.0580916500850087e+03
    2.3281979030702657e-01 -3.9307490780178378e-01
    6.0157378469052995e-02 -1.0481023351985034e+02
    -9.9092054047095175e+01 1.0513043100670895e+03
    2.3191034830216886e-01 -3.5242853499544818e-01
    3.9449975923604087e-02 -1.1782988921533772e+02
    -9.5611862916633939e+01 1.0338855308196883e+03
    2.3835039084395476e-01 -2.7226135018705155e-01
    2.8134839484385041e-02 -1.4569172733669848e+02
    -8.8819891268664549e+01 1.0363830196183685e+03
    2.3913999029438460e-01 -4.3909579197955011e-03
    3.9636925922553995e-02 -1.8655326963125313e+02
    -9.0225300424147051e+01 1.0876459171564884e+03
    2.4284999621632414e-01 7.3735302313198595e-02 4.6193513422022797e-02
    -1.8431962280802085e+02 -9.3556804753638190e+01
    1.1069368858450637e+03 2.4989660966146121e-01 1.4319689452239170e-01
    5.4133086068076021e-02 -1.7050497244398676e+02
    -9.9595412774384371e+01 1.1251608234820221e+03
    2.5110462570121450e-01 1.9450316267390044e-01 4.2076687482996949e-02
    -1.5010745791483930e+02 -9.8374483375056073e+01
    1.1402184911061795e+03 2.6777194301914176e-01 2.4973691737231773e-01
    2.8838166376840023e-02 -1.2585947979987733e+02
    -9.4819168066272155e+01 1.1552950819824309e+03
    2.5728661599860936e-01 3.0712498983524095e-01 3.0750430197168832e-02
    -9.7016476418582229e+01 -9.6977591392381967e+01
    1.1760918831499685e+03 2.3665253520169022e-01 3.3271111313510987e-01
    3.3667184278718731e-02 -7.3901180913985726e+01
    -9.5525924680563904e+01 1.2026199375603155e+03
    2.5262493158262339e-01 3.6454979271114391e-01 2.5145278920435086e-02
    -6.3869108636411887e+01 -9.1304016147641448e+01
    1.2136685821734925e+03 2.5523756711628637e-01 3.9569934828675624e-01
    1.8536628905345940e-02 -5.7571062246085006e+01
    -8.9644340527664028e+01 1.2166254221390259e+03
    2.3167849656661774e-01 4.0911160869221513e-01 1.8963035450593742e-02
    -5.1271855752945470e+01 -8.8018193003020997e+01
    1.2260773532980627e+03 2.2452881068098557e-01 4.2197792990747540e-01
    1.9504948274191553e-02 -5.1089851549740700e+01
    -8.2082446086875294e+01 1.2360951512378658e+03
    2.2352551749650679e-01 4.2046847172066876e-01 2.1837437709484677e-02
    -5.8276642104590962e+01 -7.6447112601954828e+01
    1.2406067086120167e+03 2.2284112258767838e-01 4.1799677930045004e-01
    2.2037914214844675e-02 -6.3294052628294288e+01
    -7.0991839749744400e+01 1.2428087203246882e+03
    2.2559976312683414e-01 4.2057537989003629e-01 2.0664801710773180e-02
    -7.0478065423336929e+01 -6.6254837153652119e+01
    1.2443893867267554e+03 2.3004232905641223e-01 4.2189183787573631e-01
    1.9188783433490012e-02 -7.5222249674934730e+01
    -6.2023337354184370e+01 1.2504766964972921e+03
    2.3318908515159886e-01 4.2685834853040761e-01 1.7928697550773063e-02
    -7.8872662105305892e+01 -6.0182578645259476e+01
    1.2550876423294962e+03 2.1993747898699306e-01 4.1829548170997716e-01
    2.3063099393593415e-02 -8.3848702199154630e+01
    -6.2410109208360147e+01 1.2593985813576912e+03
    2.0148515464622579e-01 3.7333821261263012e-01 1.8207658738312534e-02
    -9.9354528173812028e+01 -6.2593015354468037e+01
    1.2550322837852332e+03 2.0135093893258554e-01 2.9458536514333050e-01
    2.3255487384376109e-02 -1.4719142714250890e+02
    -7.3867154457846553e+01 1.2198497073743895e+03
    2.1264420520289509e-01 2.6417794660664357e-01 3.0481583682101455e-02
    -1.8451150960339143e+02 -8.4585924189098549e+01
    1.1894996424013045e+03 2.3205924173700757e-01 2.2990251433958855e-01
    3.5519016502022140e-02 -2.0421447755025116e+02
    -8.6040886847668972e+01 1.1702329729466558e+03
    2.3358665036785869e-01 1.7384994993083777e-01 5.2053833719481066e-02
    -2.1139596067455503e+02 -8.9000568266043004e+01
    1.1502583424595528e+03 1.2862844078078478e-01 9.6388813224547315e-02
    7.6421736404075236e-02 -2.0515756353404285e+02
    -8.9526716667183450e+01 1.1438654758035511e+03
    1.3531008510059009e-01 6.6966427540440285e-02 7.4420479152219818e-02
    -2.0155866273301118e+02 -8.0778986191414717e+01
    1.1436575537131655e+03 1.4383300641758012e-01 5.2643540604234415e-02
    7.2445093989793596e-02 -1.9371313190722526e+02
    -7.5614443149660815e+01 1.1471634042515868e+03
    8.5037156749243045e-02 2.5548838414702475e-02 6.7461917377084055e-02
    -1.8067962442280580e+02 -7.2390962583295462e+01
    1.1560072056894899e+03 5.8760304450925546e-02
    -3.7304958774135207e-02 7.9356636219234111e-02
    -1.6252233583066632e+02 -7.7799927746311297e+01
    1.1517093729334138e+03 -6.5020163692203793e-03
    -1.3562697247128896e-01 8.9658337044673242e-02
    -1.5950106973570672e+02 -9.1753908944050991e+01
