<?xml version="1.0"?>
<opencv_storage>
<calibration_time>"mié 08 ago 2018 21:36:02 -04"</calibration_time>
<nr_of_frames>20</nr_of_frames>
<image_width>1280</image_width>
<image_height>720</image_height>
<board_width>9</board_width>
<board_height>6</board_height>
<square_size>50.</square_size>
<fix_aspect_ratio>1.</fix_aspect_ratio>
<!-- flags: +fix_aspectRatio +fix_principal_point +zero_tangent_dist +fix_k4 +fix_k5 -->
<flags>6158</flags>
<fisheye_model>0</fisheye_model>
<camera_matrix type_id="opencv-matrix">
  <rows>3</rows>
  <cols>3</cols>
  <dt>d</dt>
  <data>
    1.3919704952075438e+03 0. 640. 0. 1.3919704952075438e+03 360. 0. 0.
    1.</data></camera_matrix>
<distortion_coefficients type_id="opencv-matrix">
  <rows>5</rows>
  <cols>1</cols>
  <dt>d</dt>
  <data>
    2.5393088177768131e-02 6.5957701493427767e-01 0. 0.
    -1.8842140453176370e+00</data></distortion_coefficients>
<avg_reprojection_error>7.6247337635516188e-01</avg_reprojection_error>
<per_view_reprojection_errors type_id="opencv-matrix">
  <rows>20</rows>
  <cols>1</cols>
  <dt>f</dt>
  <data>
    4.36588109e-01 4.77860242e-01 6.03292584e-01 1.11948013e+00
    4.18562233e-01 4.01478380e-01 1.32418597e+00 4.82096344e-01
    2.85955608e-01 1.27132058e+00 6.04200721e-01 1.74786019e+00
    3.05838645e-01 2.77431488e-01 5.77832758e-01 6.08874679e-01
    4.07952607e-01 5.32820940e-01 6.02139533e-01 6.80272341e-01</data></per_view_reprojection_errors>
<!-- a set of 6-tuples (rotation vector + translation vector) for each view -->
<extrinsic_parameters type_id="opencv-matrix">
  <rows>20</rows>
  <cols>6</cols>
  <dt>d</dt>
  <data>
    -2.3372283553826817e-01 -2.2082944214764033e-01
    8.4458154814335051e-02 -2.0097994607196239e+02
    -1.4174815904358076e+02 8.6769567994860529e+02
    2.5184230085870607e-01 -4.9909175012178469e-01
    2.5976231131756660e-02 -1.1085345038291787e+02
    -1.0058015524692144e+02 9.3567789024806655e+02
    2.9063442786543658e-01 -1.1642511621950101e-01
    2.4604525128289093e-02 -2.2159631766256877e+02
    -1.0245565776212239e+02 7.8552056375058726e+02
    -1.7673417975964423e-01 -2.1275817088194027e-01
    6.5670749661961250e-02 -1.8983354968223935e+02
    -1.5258598855101849e+02 8.5084899313556048e+02
    2.8100757270032778e-01 -4.0599339983252186e-01
    1.8061476437481627e-02 -1.2078428937574193e+02
    -1.0303992734195414e+02 9.4293796322023093e+02
    2.9358469199092513e-01 -3.5513529373779268e-01
    3.5113182200373870e-02 -1.2072785172994608e+02
    -1.0299383944565216e+02 9.5085379832075444e+02
    -1.2743529305594456e-01 -1.9295271163762864e-01
    5.6665845873874278e-02 -1.8708242278116199e+02
    -1.4568491162528403e+02 8.4421333845654328e+02
    2.9858912227218548e-01 -2.9544588475721201e-01
    4.2298244919106609e-02 -1.2507571831516027e+02
    -9.9167175876657836e+01 9.6713009934091451e+02
    3.2679738044716983e-01 -1.8152787376797266e-01
    4.9163271914547092e-02 -1.3087748488132885e+02
    -1.0616807595272626e+02 9.7473601446638486e+02
    -1.9674667520444410e-02 -1.6611922514723285e-01
    4.5013542660891644e-02 -1.9571123289948574e+02
    -1.0834177166877164e+02 8.4265712381800336e+02
    3.3860598239245931e-01 -3.1701014824084039e-01
    1.0922474948269476e-01 -1.7855926031122084e+02
    -1.2512233689148701e+02 7.9161210026156141e+02
    5.8081232590526399e-01 -2.8755429735335947e-01
    8.9139903338262660e-02 -9.6756656071048965e+01
    -3.3553826405591316e+01 9.8595404943025801e+02
    1.5682342261054524e-01 -1.1372577229744583e-01
    3.3936758721648905e-02 -2.0307456283527210e+02
    -8.1059479951089216e+01 8.9235631910783491e+02
    4.6235325861633214e-01 -4.6255443246397099e-01
    2.7314561122058628e-01 -7.5807143458137787e+01
    -9.9959082727929086e+01 8.6577084860296691e+02
    4.0040817714941468e-01 -1.1938239742356895e-01
    2.1169853602516813e-02 -2.0658573911462489e+02
    -6.8273940145691071e+01 9.4670706180014281e+02
    4.9005413078610299e-01 -1.2376222721893004e-01
    1.7533489751238321e-02 -2.1308482018742316e+02
    -6.4421360753563533e+01 9.4319475942029294e+02
    5.1877657489394480e-01 -3.3615985579860969e-01
    1.3811123294160435e-01 -1.0084328301299284e+02
    -4.1341808238026282e+01 9.3941427430470208e+02
    5.6850766126227470e-01 -2.9473200372591396e-01
    1.1091828644431719e-01 -9.7015296440016755e+01
    -3.4003130818261312e+01 9.7466017675333728e+02
    5.9578703787105192e-01 -2.4335290787142272e-01
    2.9082798499540524e-02 -1.2605641329945216e+02
    -2.5882166348694376e+01 1.0143417676344887e+03
    5.9746793491397798e-01 -1.6726714255479247e-01
    -3.5167951111303518e-02 -1.3797931754474743e+02
    -2.0942999081770903e+00 1.0493914241675870e+03</data></extrinsic_parameters>
