%YAML:1.0
---
Traslation: !!opencv-matrix
   rows: 3
   cols: 3
   dt: d
   data: [ 9.9999558496167196e-01, 2.9365967054029792e-03,
       4.5437534452122288e-04, -2.9374956572166214e-03,
       9.9999370433539425e-01, 1.9905800258146374e-03,
       -4.4852695318080217e-04, -1.9919059629288204e-03,
       9.9999791556493123e-01 ]
