%YAML:1.0
---
Rotation: !!opencv-matrix
   rows: 3
   cols: 3
   dt: d
   data: [ 9.9999071265501538e-01, 4.2139756526395544e-03,
       9.0388766671300330e-04, -4.2141090511644535e-03,
       9.9999110998441632e-01, 1.4572933553439610e-04,
       -9.0326553126577128e-04, -1.4953706329331670e-04,
       9.9999958087493546e-01 ]
