%YAML:1.0
---
Trayectoria_ODOV: !!opencv-matrix
   rows: 1144
   cols: 1
   dt: d
   data: [ 0., 0., -5.9369287371963467e-02, -9.5548180746737255e-01,
       -1.6263553878884118e-01, -1.9166510527956184e+00,
       -3.1017069920925344e-01, -2.8776605007870746e+00,
       -3.6008484098584120e-01, -3.8577168495842189e+00,
       -4.4754308627024519e-01, -4.8393153596757656e+00,
       -5.7844181635898606e-01, -5.8161853029927135e+00,
       -6.8157829397553926e-01, -6.7985621787932242e+00,
       -7.3609469745519918e-01, -7.8091255940647653e+00,
       -7.8960943443094478e-01, -8.8639305209265800e+00,
       -8.7783211501102099e-01, -9.9015553101903109e+00,
       -1.0227246614300805e+00, -1.0938395371365464e+01,
       -1.1222910828014729e+00, -1.1969513010453817e+01,
       -1.2180071801586403e+00, -1.3005163707803046e+01,
       -1.3225635374827289e+00, -1.4030218014642875e+01,
       -1.4137759411521302e+00, -1.5055966940380710e+01,
       -1.5285239189010769e+00, -1.6068200516272185e+01,
       -1.5861216041091852e+00, -1.7077662765467696e+01,
       -1.6607173552220467e+00, -1.8079333564811613e+01,
       -1.7351129772182239e+00, -1.9079989998854870e+01,
       -1.8165125038860577e+00, -2.0075952393432527e+01,
       -1.9085263549337992e+00, -2.1063709544205985e+01,
       -1.9958757638815652e+00, -2.2038543566143279e+01,
       -2.1441576052804354e+00, -2.3006660457559672e+01,
       -2.2264377361692640e+00, -2.3980956058286264e+01,
       -2.3351612238502715e+00, -2.4951841043854255e+01,
       -2.4216316405507241e+00, -2.5920539337722470e+01,
       -2.5095343260332021e+00, -2.6882767553059924e+01,
       -2.6544524159923890e+00, -2.7836279587590045e+01,
       -2.7402355546951358e+00, -2.8793915607824054e+01,
       -2.8435573585884573e+00, -2.9752439941744864e+01,
       -2.9309013006453308e+00, -3.0716025337093434e+01,
       -2.9735543981441301e+00, -3.1675984408541584e+01,
       -3.1152084371188455e+00, -3.2616048662438374e+01,
       -3.1926010087958816e+00, -3.3545270868247151e+01,
       -3.2330826662176850e+00, -3.4460656409112666e+01,
       -3.2673583227725058e+00, -3.5367951460279784e+01,
       -3.3350948696276452e+00, -3.6261122485981403e+01,
       -3.3712870242023159e+00, -3.7144353173552290e+01,
       -3.3934990817034554e+00, -3.8013590831783638e+01,
       -3.4355730681963115e+00, -3.8869258643860483e+01,
       -3.4569100919794939e+00, -3.9713450371878601e+01,
       -3.5344440401193209e+00, -4.0539186185601054e+01,
       -3.6160362713845453e+00, -4.1353202533165302e+01,
       -3.6597423507933291e+00, -4.2159448747328035e+01,
       -3.7217200259904102e+00, -4.2955424124081759e+01,
       -3.8078604793149329e+00, -4.3730585068810676e+01,
       -3.8574847963720345e+00, -4.4490282399346427e+01,
       -3.9182008457818274e+00, -4.5222968834346226e+01,
       -3.9582710975519757e+00, -4.5937251882999099e+01,
       -4.0157864586840786e+00, -4.6628839025922133e+01,
       -4.0613034363368357e+00, -4.7301183078341907e+01,
       -4.0756621244059286e+00, -4.7955077042704723e+01,
       -4.0847582704417826e+00, -4.8584107335487438e+01,
       -4.1559542191265875e+00, -4.9188449404597868e+01,
       -4.2096345962142063e+00, -4.9775592230698152e+01,
       -4.2476772197659720e+00, -5.0350258215708024e+01,
       -4.2666166178001053e+00, -5.0914233326250702e+01,
       -4.2877044037798422e+00, -5.1464195842647911e+01,
       -4.3004944114412691e+00, -5.2001347803147318e+01,
       -4.3496483848948975e+00, -5.2527170964555495e+01,
       -4.3491787951940992e+00, -5.3035491019601061e+01,
       -4.3220243982067865e+00, -5.3535004931158234e+01,
       -4.2826111700125020e+00, -5.4021121781622725e+01,
       -4.3100288856505378e+00, -5.4490405757050574e+01,
       -4.3301289234970222e+00, -5.4946821597501547e+01,
       -4.3212772090102973e+00, -5.5401080717585053e+01,
       -4.3660686101378232e+00, -5.5846862473967448e+01,
       -4.3187823274256854e+00, -5.6281741925611392e+01,
       -4.3067932930181385e+00, -5.6721388338947847e+01,
       -4.3403427748347685e+00, -5.7149782713971383e+01,
       -4.2889583287357897e+00, -5.7560606745632533e+01,
       -4.2124978649810521e+00, -5.7969494151305042e+01,
       -4.1563941004364633e+00, -5.8360518625137367e+01,
       -4.0792585649884723e+00, -5.8755543116971893e+01,
       -3.9739015329964964e+00, -5.9137484278783738e+01,
       -3.8633993704523730e+00, -5.9497371576183824e+01,
       -3.4780413654430893e+00, -5.9522579956330006e+01,
       -3.3157484230831575e+00, -5.9857524316998848e+01,
       -3.1276551429472264e+00, -6.0192936156961672e+01,
       -2.9215175038880608e+00, -6.0515204106765268e+01,
       -2.7049124553970958e+00, -6.0821060530041201e+01,
       -2.4784822661845309e+00, -6.1118532423449210e+01,
       -2.2514368951294732e+00, -6.1411757025686207e+01,
       -1.9959201705006648e+00, -6.1694897581273985e+01,
       -1.7343197480719281e+00, -6.1973651663543549e+01,
       -1.4693449312721572e+00, -6.2241943644620328e+01,
       -1.2057364683685965e+00, -6.2525149739088661e+01,
       -9.1650269445832544e-01, -6.2774322072088431e+01,
       -6.1850576496791121e-01, -6.3011215467157278e+01,
       -2.9996885395907924e-01, -6.3226274824497111e+01,
       2.7557533586694161e-02, -6.3439066017361341e+01,
       3.6440309657233905e-01, -6.3661777006309620e+01,
       7.0258316961534772e-01, -6.3895439310015618e+01,
       1.0655952695295383e+00, -6.4112487002553465e+01,
       1.4278195584097384e+00, -6.4333531400967885e+01,
       1.8097341848973485e+00, -6.4553976698266041e+01,
       2.2252262115941113e+00, -6.4754302763005185e+01,
       2.6472369686981820e+00, -6.4962806393964996e+01,
       3.0809480225386299e+00, -6.5177658788567712e+01,
       3.5187040180273530e+00, -6.5405009636761179e+01,
       3.9826269999660973e+00, -6.5607578742101722e+01,
       4.4566867613202232e+00, -6.5819667334771538e+01,
       4.9472556020585694e+00, -6.6031821917429454e+01,
       5.4510160416187050e+00, -6.6255367193807018e+01,
       5.9680807985239266e+00, -6.6495846030790659e+01,
       6.5051832504417710e+00, -6.6734578685977468e+01,
       7.0603165310753857e+00, -6.6968607181659564e+01,
       7.6333048004670037e+00, -6.7206945057692408e+01,
       8.2213917002363779e+00, -6.7444685189276115e+01,
       8.8158238570195948e+00, -6.7714595888618206e+01,
       9.4231446047738938e+00, -6.7977011432229574e+01,
       1.0040086259929383e+01, -6.8258129333799559e+01,
       1.0655751684641901e+01, -6.8573198591216070e+01,
       1.1297896084987586e+01, -6.8865608261281963e+01,
       1.1949862107903343e+01, -6.9179381979581137e+01,
       1.2605206723459217e+01, -6.9511965659987965e+01,
       1.3273102328626416e+01, -6.9854995213583095e+01,
       1.3965972965766088e+01, -7.0167679254510006e+01,
       1.4669053705738976e+01, -7.0475620079506797e+01,
       1.5362923050932174e+01, -7.0805680145421420e+01,
       1.6077480628911616e+01, -7.1117112315915321e+01,
       1.6796078215785226e+01, -7.1433186592419403e+01,
       1.7530681098391216e+01, -7.1729461451815126e+01,
       1.8243765491414425e+01, -7.2083352567481086e+01,
       1.8965189852958012e+01, -7.2413475714504330e+01,
       1.9689916299568271e+01, -7.2739706883810271e+01,
       2.0407060846744322e+01, -7.3079844638122637e+01,
       2.1152933324312880e+01, -7.3346850017567945e+01,
       2.1866434031382450e+01, -7.3696205752377480e+01,
       2.2603048918858775e+01, -7.3998261235423811e+01,
       2.3338081385364255e+01, -7.4297876574723446e+01,
       2.4065688508532567e+01, -7.4627234989708683e+01,
       2.4793214038137961e+01, -7.4958931099324545e+01,
       2.5513301178192304e+01, -7.5292831143283891e+01,
       2.6252716146876015e+01, -7.5587006100965297e+01,
       2.6988848225442084e+01, -7.5891511362349931e+01,
       2.7720538921038646e+01, -7.6196545556433250e+01,
       2.8447452039480673e+01, -7.6490913017867101e+01,
       2.9174789460612715e+01, -7.6789472421183362e+01,
