%YAML:1.0
---
Trayectoria_ODOV: !!opencv-matrix
   rows: 1236
   cols: 1
   dt: d
   data: [ 0., 0., -7.6573728139711777e-02, -9.5509796576091632e-01,
       -1.6897250945668230e-01, -1.9170598409034416e+00,
       -2.4124030607081581e-01, -2.8875537678207888e+00,
       -3.1614602472965703e-01, -3.8650380524101773e+00,
       -4.2501619266897783e-01, -4.8429742046104005e+00,
       -5.0816660872668329e-01, -5.8236705311046428e+00,
       -5.9295733313095966e-01, -6.8066840987510444e+00,
       -7.1570956748262582e-01, -7.8094230699747396e+00,
       -8.1322694048432131e-01, -8.8618429891888493e+00,
       -9.1698683205784448e-01, -9.8972365786494247e+00,
       -1.0221888445904856e+00, -1.0938167320560787e+01,
       -1.1323546629121561e+00, -1.1966669673477545e+01,
       -1.2197823537892452e+00, -1.3001762100529284e+01,
       -1.3243612150476149e+00, -1.4027505922856703e+01,
       -1.4216186884546187e+00, -1.5051669401919577e+01,
       -1.5534622855348907e+00, -1.6060136693705982e+01,
       -1.5920209481831262e+00, -1.7070459322605522e+01,
       -1.6715936904466593e+00, -1.8070946135598664e+01,
       -1.7620352778613770e+00, -1.9069365538603048e+01,
       -1.8083840149257315e+00, -2.0067181042107723e+01,
       -1.8832859297409783e+00, -2.1054649054024395e+01,
       -1.9622474112417518e+00, -2.2030759913392700e+01,
       -2.0477265146424699e+00, -2.3005978894886660e+01,
       -2.0943754426767485e+00, -2.3981638631159786e+01,
       -2.1694791392517745e+00, -2.4955336232435098e+01,
       -2.2751490727933579e+00, -2.5922030691678277e+01,
       -2.3422456736308614e+00, -2.6885054820971941e+01,
       -2.4042883627769092e+00, -2.7846240356572078e+01,
       -2.4962389199745636e+00, -2.8802463156206091e+01,
       -2.5909401057899588e+00, -2.9762674232423247e+01,
       -2.6931954018244224e+00, -3.0725567928558597e+01,
       -2.7968290401016884e+00, -3.1682656418361269e+01,
       -2.8995698978643811e+00, -3.2629233985831604e+01,
       -2.9711315756361834e+00, -3.3560473895999195e+01,
       -3.0451218481492259e+00, -3.4474461008064601e+01,
       -3.1453765350427267e+00, -3.5378665731300046e+01,
       -3.2057217782593104e+00, -3.6272495099843333e+01,
       -3.3026524674244007e+00, -3.7148482655213336e+01,
       -3.3813682919611274e+00, -3.8013714561993169e+01,
       -3.4748128440893229e+00, -3.8863593853660845e+01,
       -3.5623055888727784e+00, -3.9701555335915543e+01,
       -3.6406987890676641e+00, -4.0527049001805963e+01,
       -3.7519882258451176e+00, -4.1336702913493404e+01,
       -3.8609937895593016e+00, -4.2134546210775106e+01,
       -4.0181098166449658e+00, -4.2909669153728508e+01,
       -4.1073818291853463e+00, -4.3686718832595609e+01,
       -4.1706890632316362e+00, -4.4443152072669044e+01,
       -4.2621110410429237e+00, -4.5171070924929289e+01,
       -4.3352276187346499e+00, -4.5877217218139549e+01,
       -4.3883839455628779e+00, -4.6566943100281655e+01,
       -4.7632523941474476e+00, -4.7119491430361066e+01,
       -4.8309299460740629e+00, -4.7771689851196520e+01,
       -4.8817958496239520e+00, -4.8400153980564930e+01,
       -5.0167920983410763e+00, -4.8990049419784128e+01,
       -5.1178299751224019e+00, -4.9572167117516862e+01,
       -5.2263521028382423e+00, -5.0138974312653531e+01,
       -5.2976695690484448e+00, -5.0697721971161990e+01,
       -5.3612666816681012e+00, -5.1242701808027881e+01,
       -5.4408075381436944e+00, -5.1772329156776401e+01,
       -5.5934849748355919e+00, -5.2275806302452736e+01,
       -5.6509992046955402e+00, -5.2779810224898377e+01,
       -5.7102653716987053e+00, -5.3274596376404688e+01,
       -5.7937056831895770e+00, -5.3750590358906877e+01,
       -5.8442545323947561e+00, -5.4220139037176168e+01,
       -5.8959512160315315e+00, -5.4674870734691154e+01,
       -5.9195382812936552e+00, -5.5127846102314450e+01,
       -5.9607721053462930e+00, -5.5576627040749351e+01,
       -5.9370260443871725e+00, -5.6013402557830354e+01,
       -5.9470777730322411e+00, -5.6452731661605824e+01,
       -5.8896196606057583e+00, -5.6881046420056585e+01,
       -5.8922210458735815e+00, -5.7293989618170137e+01,
       -5.8059582628274384e+00, -5.7700715896425137e+01,
       -5.7665824820172107e+00, -5.8091802145972018e+01,
       -5.6683427356243898e+00, -5.8481634370355742e+01,
       -5.5819252659329823e+00, -5.8866114678983656e+01,
       -5.4767377092808580e+00, -5.9228157790414762e+01,
       -5.3530734119756076e+00, -5.9589530013721181e+01,
       -5.2086647399991985e+00, -5.9928171538513425e+01,
       -5.0423084547134662e+00, -6.0277196069615137e+01,
       -4.8448269092878116e+00, -6.0609617951072089e+01,
       -4.6567268957491148e+00, -6.0936143685915425e+01,
       -4.4302120899546100e+00, -6.1245992736433813e+01,
       -4.2306937709881565e+00, -6.1558508894303522e+01,
       -3.9942544524044106e+00, -6.1860318452484549e+01,
       -3.7448422395834626e+00, -6.2155389664638726e+01,
       -3.4912950039541233e+00, -6.2438673916407240e+01,
       -3.2399258294205464e+00, -6.2741134071148231e+01,
       -2.9637613493639647e+00, -6.3013025645380523e+01,
       -2.6782499630202383e+00, -6.3273365227355796e+01,
       -2.3768149840762693e+00, -6.3518280314572017e+01,
       -2.0577942365384154e+00, -6.3754761698832667e+01,
       -1.7352152949329880e+00, -6.4004464737401278e+01,
       -1.3990728932167773e+00, -6.4247541860030850e+01,
       -1.0560122500174487e+00, -6.4500243535050998e+01,
       -7.0823469109974346e-01, -6.4748691922270538e+01,
       -3.2738893327338214e-01, -6.4977911282699864e+01,
       6.6517727727978315e-02, -6.5224625063814514e+01,
       4.7029700674354802e-01, -6.5471049826647757e+01,
       8.8506722912487379e-01, -6.5723927830436040e+01,
       1.3040132990010835e+00, -6.5988190453246432e+01,
       1.7475154137785380e+00, -6.6242106265370566e+01,
       2.2032862493163941e+00, -6.6501622380186035e+01,
       2.6674991778821524e+00, -6.6775766269454309e+01,
       3.1597487578771628e+00, -6.7031662030552667e+01,
       3.6680072417355625e+00, -6.7298939875620945e+01,
       4.1876849637593851e+00, -6.7583947910414707e+01,
       4.7021950348139931e+00, -6.7907729565391378e+01,
       5.2552303012134471e+00, -6.8197818790567126e+01,
       5.8303046092970350e+00, -6.8477747434708931e+01,
       6.4154318334446074e+00, -6.8782628324886318e+01,
       7.0129549857956111e+00, -6.9082769693601080e+01,
       7.6045722273782399e+00, -6.9432147107459187e+01,
       8.2159260970911152e+00, -6.9777851359375774e+01,
       8.8496416780360878e+00, -7.0109022847316012e+01,
       9.4949746912425876e+00, -7.0459442591606603e+01,
       1.0157218205329089e+01, -7.0801659162132609e+01,
       1.0818225101265567e+01, -7.1176785340353831e+01,
       1.1475854914727959e+01, -7.1577170711393549e+01,
       1.2159095159702126e+01, -7.1947610050434079e+01,
       1.2864064841484980e+01, -7.2285984834672774e+01,
       1.3569653771126179e+01, -7.2636838895313318e+01,
       1.4283270004577600e+01, -7.2985744527630743e+01,
       1.4992786961950674e+01, -7.3347009615301843e+01,
       1.5697056039632063e+01, -7.3726327727292144e+01,
       1.6399666495218412e+01, -7.4110082431167299e+01,
       1.7117874732997905e+01, -7.4463131971327286e+01,
       1.7838903095754084e+01, -7.4806980898630925e+01,
       1.8544456110333645e+01, -7.5174041010032838e+01,
       1.9242347288553560e+01, -7.5555995895389984e+01,
       1.9964858664006712e+01, -7.5907177723134268e+01,
       2.0673973225391677e+01, -7.6281099828082688e+01,
       2.1394498899973293e+01, -7.6649462271745705e+01,
       2.2114816889870138e+01, -7.7020472659403367e+01,
       2.2832524452881593e+01, -7.7393616037524623e+01,
       2.3542933764816503e+01, -7.7767251010799910e+01,
       2.4261066811510350e+01, -7.8121384712500756e+01,
       2.4966319828047471e+01, -7.8488123030818087e+01,
       2.5678647472151894e+01, -7.8831537667551316e+01,
       2.6395329787670576e+01, -7.9162947573663189e+01,
