%YAML:1.0
---
Trayectoria_ODOV: !!opencv-matrix
   rows: 688
   cols: 1
   dt: d
   data: [ 0., 0., 2.1255762013812428e-02, -9.5669660195430228e-01,
       1.0456370422064171e-01, -1.9204510495632972e+00,
       1.4731024391084799e-01, -2.8931828904932764e+00,
       1.9206904875703795e-01, -3.8704642202742585e+00,
       3.3353191182461528e-01, -4.8441904913423910e+00,
       3.0047629918121949e-01, -5.8300308933699752e+00,
       3.9821048324482855e-01, -6.8112072730935180e+00,
       4.0926210668214491e-01, -7.8214562926671451e+00,
       4.3196676621270569e-01, -8.8798200314567506e+00,
       1.4632551572433776e+00, -8.8625888608542684e+00,
       1.6844794515755732e+00, -9.8658412224716052e+00,
       1.9191785098781164e+00, -1.0855387817596364e+01,
       2.9301382901048050e+00, -1.0739709102554428e+01,
       3.2243498489888909e+00, -1.1687902546578677e+01,
       3.3642005810954467e+00, -1.2672915095085404e+01,
       3.6857847805489818e+00, -1.3599679196718743e+01,
       3.9129019331210100e+00, -1.4548805011775450e+01,
       4.1785147311432391e+00, -1.5481176691287869e+01,
       4.4638689651384391e+00, -1.6406382462490434e+01,
       4.6330222749101910e+00, -1.7355559331066274e+01,
       4.9528121301400256e+00, -1.8255773683580653e+01,
       5.1102412772319896e+00, -1.9190329055069604e+01,
       5.2750317081053826e+00, -2.0122579635950562e+01,
       5.4271733978350731e+00, -2.1058644607684638e+01,
       5.5936180205922383e+00, -2.1986567056786789e+01,
       5.8102113096367587e+00, -2.2900250644762497e+01,
       5.9252597768771560e+00, -2.3827722605887484e+01,
       6.0048307079536727e+00, -2.4756697407697839e+01,
       6.0603028067102143e+00, -2.5682788427573840e+01,
       6.3135560939912372e+00, -2.6580013193923829e+01,
       6.4421238967494334e+00, -2.7503815614304216e+01,
       6.5622522932182239e+00, -2.8417748485339693e+01,
       6.8088978007602039e+00, -2.9304127959843829e+01,
       7.7134351595795527e+00, -2.9142266523865821e+01,
       8.0189728495992796e+00, -2.9959390516267465e+01,
       8.3234068525772624e+00, -3.0769750152388287e+01,
       8.7076939355838050e+00, -3.1537287348917424e+01,
       9.0428381499967667e+00, -3.2312264269759837e+01,
       9.4503736852925240e+00, -3.3039313675869558e+01,
       9.8763396341214662e+00, -3.3739449683110706e+01,
       1.0184749115354476e+01, -3.4482618705964448e+01,
       1.0522749305038509e+01, -3.5201465046346073e+01,
       1.0878395505557759e+01, -3.5898832445486519e+01,
       1.1057303014976657e+01, -3.6646728393766459e+01,
       1.1473807635758703e+01, -3.7289530736576950e+01,
       1.1776500240596819e+01, -3.7972570851403944e+01,
       1.2102868628603499e+01, -3.8622383351329262e+01,
       1.2402297750636199e+01, -3.9258802819090405e+01,
       1.2716809913684113e+01, -3.9867152224959987e+01,
       1.2739664156513546e+01, -4.0526910028302581e+01,
       1.3050705307687053e+01, -4.1095490403750375e+01,
       1.3339702293870079e+01, -4.1654692095364844e+01,
       1.3917750670163079e+01, -4.1888202268225378e+01,
       1.4207614028547320e+01, -4.2395870375336493e+01,
       1.4178307085259540e+01, -4.2960693384342022e+01,
       1.4443119251163875e+01, -4.3440439897800260e+01,
       1.4748951311300322e+01, -4.3882680301655419e+01,
       1.4917542733368373e+01, -4.4378674905470199e+01,
       1.5180017078348296e+01, -4.4817074203907822e+01,
       1.5443883979618047e+01, -4.5244606654456064e+01,
       1.5764389869934801e+01, -4.5609503478822795e+01,
       1.5989768551915189e+01, -4.6020375519609871e+01,
       1.6306631892357018e+01, -4.6359999590512530e+01,
       1.6511215016011462e+01, -4.6760698936935100e+01,
       1.6650064920753366e+01, -4.7172630945521199e+01,
       1.6819509383545466e+01, -4.7566157698620941e+01,
       1.7008716926060888e+01, -4.7946352265112644e+01,
       1.7313841547281424e+01, -4.8228548723504623e+01,
       1.7550938735803022e+01, -4.8568468085181536e+01,
       1.7538776068525561e+01, -4.8984863449626509e+01,
       1.7715355116585435e+01, -4.9332322595427733e+01,
       1.7701128348915589e+01, -4.9731110359580370e+01,
       1.7912715910492768e+01, -5.0036896638390175e+01,
       1.8125414100740180e+01, -5.0346784700827698e+01,
       1.8338571496037709e+01, -5.0651999029185689e+01,
       1.8586556517767136e+01, -5.0903662881178548e+01,
       1.8828849542842327e+01, -5.1172190566524804e+01,
       1.9070262780647809e+01, -5.1423416156571498e+01,
       1.9372414375437280e+01, -5.1186014493917540e+01,
       1.9687470853203553e+01, -5.1353003137311738e+01,
       1.9995649124513886e+01, -5.1507897631863116e+01,
       2.0237669635684622e+01, -5.1220840702743047e+01,
       2.0552607570554844e+01, -5.1341396779684565e+01,
       2.0894165491585284e+01, -5.1391392575179914e+01,
       2.1238972028705387e+01, -5.1435618997097059e+01,
       2.1347125536635627e+01, -5.1111962177875164e+01,
       2.1686653573572837e+01, -5.1159263719084912e+01,
       2.2021349116500581e+01, -5.1164424411877043e+01,
       2.2353575479684661e+01, -5.1146284509098685e+01,
       2.2363839261697496e+01, -5.0776416169844978e+01,
       2.2335646207959378e+01, -5.0385645654384859e+01,
       2.2642255915745817e+01, -5.0216198939508608e+01,
       2.2953891064665992e+01, -5.0046648979761102e+01,
       2.3275093297546739e+01, -4.9891337744106579e+01,
       2.3573695994585641e+01, -4.9660893287661310e+01,
       2.3887135410947710e+01, -4.9420536290657026e+01,
       2.4228981299802555e+01, -4.9205427076708553e+01,
       2.4570408796766472e+01, -4.8975222279738020e+01,
       2.4938554841653133e+01, -4.8792611387849668e+01,
       2.5281931371809023e+01, -4.8527929567898482e+01,
       2.5634502045153948e+01, -4.8261091571693015e+01,
       2.5994296236225644e+01, -4.7978678567328693e+01,
       2.6362998086732311e+01, -4.7690460512190036e+01,
       2.6729359304055407e+01, -4.7366341973581534e+01,
       2.7126258265028248e+01, -4.7069982954332282e+01,
       2.7536007283924047e+01, -4.6759279282526684e+01,
       2.7951111361767929e+01, -4.6436771394347531e+01,
       2.8343245994028045e+01, -4.6042917776135560e+01,
       2.8815320121887922e+01, -4.5772365540976246e+01,
       2.9295375437190092e+01, -4.5479635601816383e+01,
       2.9709953890608030e+01, -4.5057379940446282e+01,
       3.0204529135821780e+01, -4.4750063965192652e+01,
       3.0655270404734949e+01, -4.4326670778910021e+01,
       3.1071448154178348e+01, -4.3820624808874172e+01,
       3.1575292399524383e+01, -4.3417222267773120e+01,
       3.2145636437106184e+01, -4.3151465296494862e+01,
       3.2683266430694793e+01, -4.2757084939823059e+01,
       3.3165956867499503e+01, -4.2251436360075409e+01,
       3.2896401704379748e+01, -4.1596049049226977e+01,
       3.3406828156721524e+01, -4.1099930381490239e+01,
       3.3857435528635804e+01, -4.0505604321834561e+01,
       3.4366468013786218e+01, -3.9961728803759243e+01,
       3.4801991982521649e+01, -3.9317256811330715e+01,
       3.4661775227498389e+01, -3.8597699650687460e+01,
       3.5056870489345570e+01, -3.7904950232449927e+01,
       3.5522620006018506e+01, -3.7293082054284199e+01,
       3.5992204392261385e+01, -3.6686808989487147e+01,
       3.6439383184129817e+01, -3.6046945518254290e+01,
       3.6886203072860106e+01, -3.5403926470279359e+01,
       3.7373134634523439e+01, -3.4804095873638886e+01,
       3.7858485843403642e+01, -3.4200577565834202e+01,
       3.8347636682466309e+01, -3.3598708881612644e+01,
       3.8816478531320840e+01, -3.2974341018366282e+01,
       3.9282682138690006e+01, -3.2354645600287270e+01,
       3.9745276576912069e+01, -3.1736366906249025e+01,
       3.9443183625778815e+01, -3.1058074918217841e+01,
       3.9861505032600782e+01, -3.0395895385482376e+01,
       4.0271870582524805e+01, -2.9737046399227506e+01,
       4.0692954313697349e+01, -2.9090416623569574e+01,
       4.1095578499412134e+01, -2.8432943279172555e+01,
       4.1454842469899020e+01, -2.7748757574712119e+01,
