%YAML:1.0
---
Trayectoria_ODOV: !!opencv-matrix
   rows: 1282
   cols: 1
   dt: d
   data: [ 0., 0., -5.7926043143196208e-02, -9.5624489682986258e-01,
       -1.0363873719276129e-01, -1.9207514678979574e+00,
       -1.4878485066352592e-01, -2.8931204109842557e+00,
       -1.9115489237033828e-01, -3.8734728668995078e+00,
       -2.3676957269599158e-01, -4.8559641496522126e+00,
       -3.5485905849988397e-01, -5.8329752014887326e+00,
       -4.0763795151461552e-01, -6.8193440087595185e+00,
       -4.7553353103025903e-01, -7.8289710890178146e+00,
       -5.4685214160798357e-01, -8.8845753743268308e+00,
       -5.8739915766464124e-01, -9.9286973295479424e+00,
       -6.5865936369786149e-01, -1.0974489127434765e+01,
       -7.2370864431158977e-01, -1.2011107714503410e+01,
       -7.8774553132179737e-01, -1.3051607735640387e+01,
       -8.4881072673065816e-01, -1.4082442762637584e+01,
       -9.4657900681357310e-01, -1.5111253555356289e+01,
       -1.0068721403586740e+00, -1.6128857675930256e+01,
       -1.0780547344772380e+00, -1.7139502157954130e+01,
       -1.1298749198999198e+00, -1.8145725435841982e+01,
       -1.1798904674445290e+00, -1.9148347485730071e+01,
       -1.2809645429998366e+00, -2.0142611493772975e+01,
       -1.3021799397700460e+00, -2.1135545244657113e+01,
       -1.3233016862042419e+00, -2.2115935686755378e+01,
       -1.3603368653006280e+00, -2.3095822018617987e+01,
       -1.4322298889240790e+00, -2.4071751953905896e+01,
       -1.4867333488148042e+00, -2.5047310107048173e+01,
       -1.5586663270286560e+00, -2.6017085101346410e+01,
       -1.6100745571171282e+00, -2.6981766849054804e+01,
       -1.6711503447011535e+00, -2.7946526057673811e+01,
       -1.7575794876106039e+00, -2.8903127049381311e+01,
       -1.7941612292250542e+00, -2.9868799789599983e+01,
       -1.8931679612644670e+00, -3.0832202664622592e+01,
       -1.9653245327653630e+00, -3.1791008677601059e+01,
       -2.0298229345367611e+00, -3.2742153797967312e+01,
       -2.0904976074704771e+00, -3.3673766143724215e+01,
       -2.1596797392178981e+00, -3.4588465855778161e+01,
       -2.2554145621710902e+00, -3.5493094886192083e+01,
       -2.3123010196287024e+00, -3.6388295305364053e+01,
       -2.3706451073095960e+00, -3.7270705670214106e+01,
       -2.4107419684854863e+00, -3.8140050013665693e+01,
       -2.4699224747059327e+00, -3.8993854859307319e+01,
       -2.5085661562941035e+00, -3.9838655458139485e+01,
       -2.5603666456903960e+00, -4.0666854745706068e+01,
       -2.6369887035558564e+00, -4.1480669157653693e+01,
       -2.6846264893502170e+00, -4.2285957349081556e+01,
       -2.7227925321080453e+00, -4.3081642652030389e+01,
       -2.7586624875862471e+00, -4.3861191347325892e+01,
       -3.0836362697961435e+00, -4.4529205151642721e+01,
       -3.1147283947701467e+00, -4.5264721651605157e+01,
       -3.1338744340804627e+00, -4.5979778881666853e+01,
       -3.2098133831324498e+00, -4.6667152238745459e+01,
       -3.2358546187450132e+00, -4.7340501690375604e+01,
       -3.2782509293297908e+00, -4.7992901314475432e+01,
       -3.2896351301858076e+00, -4.8624943788992432e+01,
       -3.2905905185423325e+00, -4.9235221666153784e+01,
       -3.3439120448021877e+00, -4.9823739037112404e+01,
       -3.4023037382952435e+00, -5.0398400576400945e+01,
       -3.4408208318025992e+00, -5.0961493508259828e+01,
       -3.4842791961249588e+00, -5.1509355697369820e+01,
       -3.5471386914237013e+00, -5.2042047397139726e+01,
       -3.5915813311346274e+00, -5.2567938664554553e+01,
       -3.5906987471265812e+00, -5.3077704924555533e+01,
       -3.5901882679364370e+00, -5.3577816145556802e+01,
       -3.5662221956650297e+00, -5.4062760159042746e+01,
       -3.5622503828720777e+00, -5.4535804744459135e+01,
       -3.5699387304604038e+00, -5.4994062231539417e+01,
       -3.5133950485820966e+00, -5.5445107821788184e+01,
       -3.5308199008015273e+00, -5.5895043453384780e+01,
       -3.5490276456963019e+00, -5.6331036860397184e+01,
       -3.5205211938883649e+00, -5.6768359003079816e+01,
       -3.4853652697086988e+00, -5.7199040918827428e+01,
       -3.4971673362928177e+00, -5.7608371586710348e+01,
       -3.3832355690525846e+00, -5.8009751153423061e+01,
       -3.3114706993095693e+00, -5.8399458774448789e+01,
       -3.2190229374001751e+00, -5.8788366730718934e+01,
       -3.0751663372361699e+00, -5.9157331948856140e+01,
       -2.9671848766222739e+00, -5.9520030673802850e+01,
       -2.8138709409767158e+00, -5.9874816603553093e+01,
       -2.6648118809682799e+00, -6.0217622735011361e+01,
       -2.4927207433674052e+00, -6.0560307025634451e+01,
       -2.2940244775013592e+00, -6.0885464567175283e+01,
       -2.0934114313740424e+00, -6.1204881773077048e+01,
       -1.8805319959827769e+00, -6.1520496479554396e+01,
       -1.6462863223525415e+00, -6.1809989469799255e+01,
       -1.3873331714599844e+00, -6.2093263980604277e+01,
       -1.1022785588775976e+00, -6.2353489244642851e+01,
       -8.2786286072666493e-01, -6.2621835321276563e+01,
       -5.4949956227109964e-01, -6.2899719305386824e+01,
       -2.5865206159533838e-01, -6.3153844013327763e+01,
       4.3273704741509988e-02, -6.3394208818783852e+01,
       3.4765597643257617e-01, -6.3634208835824161e+01,
       6.7479682002053276e-01, -6.3859054113980513e+01,
       1.0133042313260767e+00, -6.4088953777618457e+01,
       1.3623458036547311e+00, -6.4312484012232403e+01,
       1.7216957196038503e+00, -6.4540703672427696e+01,
       2.0963353672116471e+00, -6.4746759360306271e+01,
       2.4884699617011528e+00, -6.4956483035753578e+01,
       2.8990633746671617e+00, -6.5171453612082757e+01,
       3.3158074297370077e+00, -6.5394330374805207e+01,
       3.7503322346884977e+00, -6.5609833585095544e+01,
       4.1892138860880133e+00, -6.5839598121160947e+01,
       4.6423781100593011e+00, -6.6070362877524019e+01,
       5.1176941071724773e+00, -6.6288976524338892e+01,
       5.6029769913738390e+00, -6.6521250873818033e+01,
       6.1068820064023690e+00, -6.6755546196210219e+01,
       6.6325135007725953e+00, -6.6987633005218669e+01,
       7.1661111310810188e+00, -6.7244397839045931e+01,
       7.7128649422376050e+00, -6.7507421785763441e+01,
       8.2715385129173455e+00, -6.7788660005106493e+01,
       8.8556172231935815e+00, -6.8049392214623239e+01,
       9.4619296485305551e+00, -6.8302085354473107e+01,
       1.0063540378975754e+01, -6.8586743732589326e+01,
       1.0678751583435522e+01, -6.8884148673871607e+01,
       1.1318325921149295e+01, -6.9161267939611903e+01,
       1.1959328876382255e+01, -6.9467675555717634e+01,
       1.2624243056747687e+01, -6.9766313776570513e+01,
       1.3288887098302290e+01, -7.0094737801134201e+01,
       1.3979459322487385e+01, -7.0404148324144586e+01,
       1.4667742989038292e+01, -7.0747542898145284e+01,
       1.5365075609857222e+01, -7.1086437693785939e+01,
       1.6046884153585019e+01, -7.1464125358612421e+01,
       1.6749974930738162e+01, -7.1817737199512280e+01,
       1.7483623568783958e+01, -7.2125627824010124e+01,
       1.8183472078757102e+01, -7.2509399300802684e+01,
       1.8913183632450849e+01, -7.2834056692076757e+01,
       1.9643693858625863e+01, -7.3157260219144604e+01,
       2.0370421753708229e+01, -7.3492650500017632e+01,
       2.1088406639724067e+01, -7.3849799253245379e+01,
       2.1825619441672178e+01, -7.4160637709602625e+01,
       2.2555564933837474e+01, -7.4491587344564749e+01,
       2.3281745255629225e+01, -7.4834399626785839e+01,
       2.4000275225950322e+01, -7.5194140956192257e+01,
       2.4734336392094182e+01, -7.5529950531525714e+01,
       2.5475971443326060e+01, -7.5850985487130785e+01,
       2.6210098983369519e+01, -7.6184831645816431e+01,
       2.6930795162206195e+01, -7.6529432701543996e+01,
       2.7657880802050546e+01, -7.6855589539177885e+01,
       2.8388111095049211e+01, -7.7162712057465100e+01,
       2.9115981764639262e+01, -7.7464472982140094e+01,
       2.9833202006385839e+01, -7.7788896841112916e+01,
